1001454510
1001454540
1001454570
1001454574
1001454727
1001454733
1001454811
1001454917
1001454993
1001455014
1001454506
1001454590
1001454650
1001455006
1001455207
1001455208
1001455224
1001455225
1001455226
1001455411
1001455416
1001455460
1001455493
1001455545
1001455631
1001455781
1001455411
1001455295
1001455228
1001455282
1001455466
1001455780
1001455781
1001455847
1001456029
1001456030
1001456293
1001456429
1001456702
1001456716
1001456757
1001457109
1001456028
1001456220
1001456272
1001456757
1001456205
1001457308
1001457375
1001457376
1001457399
1001457411
1001457412
1001457703
1001457714
1001457864
1001459284
1001457536
1001457284
1001457361
1001457752
1001457890
1001458154
1001458769
1001458324
1001458427
1001458543
1001458879
1001458934
1001458944
1001459206
1001459284
1001459322
1001459343
1001459488
1001459623
1001459624
1001459632
1001459663
1001459885
1001460257
1001460342
1001460476
1001459886
1001460182
1001459560
1001459607
1001459609
1001459621
1001460651
1001460652
1001460653
1001460722
1001461328
1001461528
1001461587
1001461325
1001461604
1001460755
1001460762
1001460868
1001460935
1001460951
1001460955
1001460978
1001460997
1001461097
1001461555
1001461602
1001461604
1001461778
1001461785
1001461786
1001461787
1001461792
1001461796
1001461823
1001461844
1001462387
1001462488
1001462498
1001462534
1001462571
1001462656
1001462735
1001462897
1001463079
1001463428
1001463622
1001463723
1001463792
1001463918
1001464140
1001464144
1001464146
1001464383
1001462571
1001463426
1001463702
1001463905
1001461791
1001462310
1001463426
1001464145
1001461786
1001461796
1001461843
1001463622
1001464595
1001464628
1001464664
1001464713
1001464752
1001464767
1001465038
1001465193
1001465249
1001465327
1001465528
1001465716
1001466223
1001466315
1001466730
1001466738
1001466204
1001464713
1001465193
1001465716
1001466127
1001466204
1001466738
1001467282
1001467288
1001467290
1001467291
1001467293
1001467299
1001467300
1001467302
1001467383
1001467513
1001467518
1001467519
1001467523
1001467532
1001467736
1001467781
1001467993
1001468017
1001468024
1001468060
1001468068
1001468076
1001468114
1001468134
1001468140
1001468316
1001468336
1001468483
1001468514
1001468562
1001468591
1001468870
1001468876
1001468888
1001469009
1001469023
1001469060
1001469091
1001469102
1001469154
1001469306
1001469339
1001469379
1001469513
1001469651
1001469652
1001469656
1001469657
1001469658
1001469756
1001469833
1001469893
1001467519
1001468024
1001469743
1001467999
1001468996
1001467300
1001469946
1001469947
1001470101
1001470128
1001470132
1001470139
1001470167
1001470175
1001470179
1001470180
1001470192
1001470197
1001470204
1001470211
1001470213
1001470532
1001470591
1001470715
1001470858
1001470873
1001470892
1001470903
1001470945
1001470967
1001471021
1001471061
1001471063
1001471116
1001471131
1001471179
1001471406
1001471460
1001471676
1001471764
1001471769
1001471814
1001471824
1001471839
1001471858
1001471912
1001472032
1001472083
1001472090
1001472097
1001472106
1001472151
1001472465
1001472469
1001472471
1001472473
1001472482
1001472583
1001472657
1001472658
1001472686
1001472688
1001472707
1001472717
1001470138
1001470168
1001472480
1001470175
1001470297
1001470858
1001472097
1001471021
1001471116
1001471179
1001471460
1001472151
1001472583
1001472717
1001472684
1001472685
1001472687
1001472711
1001472948
1001472952
1001472953
1001472956
1001472958
1001472964
1001472971
1001472998
1001473001
1001473002
1001473014
1001473019
1001473020
1001473026
1001473045
1001473049
1001473076
1001473077
1001473090
1001473091
1001473120
1001473141
1001473178
1001473313
1001473460
1001473474
1001473610
1001473630
1001473637
1001473638
1001473649
1001473691
1001473713
1001473724
1001473756
1001473757
1001473762
1001473763
1001473806
1001473921
1001473964
1001474162
1001474184
1001474288
1001474387
1001474461
1001474462
1001474516
1001474531
1001474546
1001474577
1001474598
1001474646
1001474662
1001474702
1001474704
1001474755
1001474777
1001474821
1001474871
1001474910
1001474922
1001474952
1001475031
1001475083
1001475114
1001475151
1001475267
1001475519
1001475520
1001475523
1001475525
1001475528
1001475533
1001475638
1001475658
1001475659
1001475679
1001475721
1001475727
1001475734
1001472963
1001474873
1001472952
1001472959
1001473966
1001474963
1001475530
1001472687
1001473045
1001475906
1001475909
1001475910
1001475930
1001475949
1001475956
1001475963
1001475968
1001475970
1001475971
1001475974
1001475999
1001476001
1001476019
1001476048
1001476093
1001476129
1001476196
1001476213
1001476277
1001476333
1001476350
1001476352
1001476410
1001476415
1001476488
1001476510
1001476524
1001476528
1001476565
1001476567
1001476581
1001476586
1001476590
1001476663
1001476728
1001476731
1001476748
1001476750
1001476760
1001476764
1001476784
1001476794
1001476016
1001476258
1001476696
1001476781
1001476048
1001476196
1001476213
1001476350
1001476415
1001476581
1001476590
1001476781
1001476794
1001476806
1001476963
1001476969
1001476980
1001476986
1001477010
1001477011
1001477014
1001477019
1001477021
1001477143
1001477177
1001477195
1001477196
1001477302
1001477312
1001477328
1001477421
1001477422
1001477459
1001477460
1001477461
1001477463
1001477487
1001477508
1001477526
1001477544
1001477562
1001477631
1001477635
1001477660
1001477663
1001477699
1001477721
1001477725
1001477741
1001477753
1001476986
1001477660
1001477700
1001477973
1001477986
1001477988
1001478000
1001478002
1001478006
1001478013
1001478014
1001478040
1001478049
1001478056
1001478064
1001478076
1001478147
1001478174
1001478266
1001478289
1001478291
1001478298
1001478299
1001478301
1001478336
1001478341
1001478343
1001478368
1001478371
1001478375
1001478381
1001478395
1001478398
1001478441
1001478443
1001478453
1001478454
1001478455
1001478481
1001478489
1001478500
1001478535
1001478580
1001478586
1001478603
1001478607
1001478609
1001478610
1001478616
1001478624
1001478628
1001478650
1001478657
1001478673
1001478689
1001478706
1001478717
1001478729
1001478737
1001478738
1001478746
1001478753
1001478766
1001478768
1001478781
1001478785
1001478788
1001478792
1001478803
1001478804
1001478827
1001478858
1001478953
1001478979
1001479010
1001479013
1001479050
1001479056
1001479062
1001479074
1001479081
1001479133
1001479165
1001479169
1001479170
1001479171
1001479187
1001479199
1001479205
1001479207
1001479214
1001479220
1001479223
1001479225
1001477968
1001478414
1001478912
1001479133
1001478002
1001478147
1001478174
1001478299
1001478368
1001478395
1001478481
1001478500
1001478535
1001478580
1001478607
1001478706
1001478729
1001478737
1001478738
1001479171
1001479205
1001479207
1001479223
1001479239
1001479431
1001479432
1001479433
1001479435
1001479462
1001479463
1001479466
1001479470
1001479471
1001479475
1001479476
1001479479
1001479480
1001479494
1001479498
1001479499
1001479508
1001479516
1001479527
1001479536
1001479539
1001479569
1001479582
1001479583
1001479585
1001479599
1001479604
1001479605
1001479609
1001479622
1001479629
1001479634
1001479665
1001479845
1001480099
1001480131
1001480247
1001480262
1001480269
1001480272
1001480280
1001480306
1001480310
1001480351
1001480413
1001480421
1001480457
1001480460
1001480492
1001480531
1001480557
1001480597
1001480632
1001480662
1001480750
1001480775
1001480853
1001481444
1001481550
1001481568
1001481570
1001481777
1001481867
1001481869
1001481872
1001482074
1001481376
1001479471
1001479479
1001479593
1001479622
1001479667
1001479699
1001481061
1001481580
1001481878
1001480996
1001479605
1001479634
1001482327
1001482466
1001482467
1001482507
1001483210
1001483228
1001483491
1001483527
1001483536
1001483765
1001483999
1001484856
1001484886
1001484925
1001484961
1001484969
1001484989
1001482415
1001483491
1001484127
1001482377
1001483059
1001482791
1001483068
1001484955
1001482598
1001482667
1001482936
1001483485
1001484241
1001484753
1001484841
1001484856
1001484865
1001484886
1001484955
1001484969
1001484989
1001484995
1001485179
1001485198
1001485231
1001485286
1001485310
1001485340
1001485341
1001485379
1001485720
1001485957
1001486017
1001486513
1001486821
1001486990
1001487009
1001487293
1001487455
1001487580
1001485302
1001485720
1001485179
1001485231
1001486024
1001486054
1001487269
1001487579
1001485340
1001485373
1001485634
1001486033
1001486034
1001486092
1001486093
1001486182
1001486708
1001486821
1001487053
1001487197
1001487293
1001487311
1001487391
1001487579
1001487598
1001487657
1001487744
1001487749
1001486964
1001488073
1001488089
1001488113
1001488137
1001488203
1001488233
1001488338
1001488339
1001489596
1001490077
1001490097
1001490517
1001490672
1001490707
1001488130
1001490077
1001490769
1001488124
1001488118
1001488174
1001488199
1001488289
1001489353
1001489596
1001489905
1001490517
1001490526
1001490712
1001490749
1001488233
1001488718
1001490794
1001490904
1001490936
1001490991
1001491056
1001491175
1001491275
1001491391
1001491536
1001491571
1001491788
1001491872
1001490904
1001491025
1001491816
1001490794
1001490923
1001490995
1001491024
1001491027
1001491074
1001491079
1001491093
1001491175
1001491275
1001491276
1001491295
1001491337
1001491788
1001491817
1001491839
1001491872
1001491879
1001492072
1001492092
1001492277
1001492495
1001492809
1001492891
1001492226
1001492047
1001492065
1001492200
1001492205
1001492206
1001492667
1001492887
1001492933
1001493161
1001493211
1001493232
1001493498
1001493944
1001494880
1001495458
1001495823
1001493944
1001495156
1001493160
1001493776
1001493926
1001494940
1001493160
1001493161
1001493671
1001493776
1001493836
1001494106
1001494844
1001494880
1001494938
1001495063
1001495273
1001495695
1001495776
1001495778
1001495823
1001495825
1001495826
1001496115
1001496233
1001496782
1001496812
1001496990
1001498251
1001498442
1001498443
1001498467
1001498487
1001498442
1001498488
1001496036
1001496100
1001496111
1001496233
1001496271
1001496751
1001496987
1001497434
1001497503
1001498234
1001498488
1001498874
1001498875
1001498879
1001498933
1001498994
1001499619
1001501202
1001501203
1001501342
1001501372
1001501382
1001501536
1001501538
1001498876
1001499707
1001499904
1001499909
1001500670
1001501106
1001501372
1001501382
1001501418
1001501483
1001501859
1001502357
1001502455
1001503775
1001504174
1001504177
1001504235
1001504431
1001504436
1001502615
1001503606
1001501767
1001501960
1001502022
1001501774
1001501783
1001501874
1001501960
1001502432
1001503473
1001503594
1001503648
1001503875
1001504434
1001504470
1001504880
1001505280
1001506339
1001504615
1001504860
1001505434
1001505441
1001505454
1001506546
1001504636
1001504687
1001504896
1001504899
1001504908
1001504986
1001505055
1001505089
1001505362
1001505434
1001505441
1001505454
1001505607
1001505731
1001505952
1001506406
1001506546
1001506609
1001506635
1001506724
1001506781
1001506795
1001507043
1001507060
1001507062
1001507148
1001507191
1001507458
1001507930
1001507467
1001507476
1001507521
1001507534
1001507831
1001507834
1001507912
1001507930
1001508023
1001508095
1001508222
1001509384
1001509240
1001508604
1001508637
1001508902
1001508931
1001509019
1001509030
1001509117
1001509385
1001509437
1001509491
1001509532
1001509615
1001509810
1001508551
1001508637
1001508902
1001508931
1001508978
1001509019
1001509030
1001509117
1001509385
1001509437
1001509491
1001509532
1001509615
1001509642
1001509647
1001509810
1001508978
1001509117
1001509642
1001509647
1001510990
1001511762
1001511872
1001511478
1001510025
1001510062
1001510073
1001510173
1001510025
1001510062
1001510073
1001510143
1001510173
1001510532
1001510749
1001510902
1001510910
1001510990
1001511350
1001511762
1001511872
1001512315
1001512433
1001512501
1001511922
1001512731
1001512855
1001513748
1001514035
1001514064
1001514284
1001512766
1001513975
1001512802
1001512562
1001512876
1001514506
1001515492
1001517331
1001517758
1001515987
1001516856
1001516984
1001517151
1001518342
1001518619
1001521081
1001519836
1001521377
1001521400
1001522162
1001523633
1001523867
1001522992
1001523083
1001523614
1001523854
1001522026
1001522267
1001522342
1001522562
1001522919
1001523011
1001523083
1001523614
1001523631
1001523867
1001523854
1001524154
1001525206
1001524080
1001524417
1001524154
1001525280
1001526171
1001526268
1001526170
1001526375
1001526390
1001526504
1001526521
1001526556
1001526558
1001526561
1001526625
1001525598
1001526969
1001527786
1001528075
1001526999
1001526969
1001526999
1001528444
1001528664
1001529591
1001530272
1001531333
1001531472
1001531835
1001529561
1001530288
1001530344
1001530594
1001531415
1001532069
1001530227
1001530307
1001530398
1001530423
1001530690
1001530890
1001531148
1001531415
1001531906
1001531969
1001532069
1001532131
1001529561
1001534072
1001533081
1001533313
1001533361
1001534117
1001532324
1001532401
1001532436
1001532449
1001532491
1001532498
1001532623
1001533015
1001533074
1001533313
1001533557
1001534222
1001534266
1001534452
1001534689
1001532623
1001534295
1001534528
1001537380
1001537265
1001536666
1001535031
1001535547
1001535619
1001535628
1001535667
1001536164
1001536168
1001536292
1001536470
1001536545
1001536666
1001535007
1001537783
1001538929
1001538513
1001539866
1001540254
1001537780
1001537850
1001537988
1001538000
1001538584
1001539090
1001539683
1001539736
1001539818
1001539996
1001540101
1001540254
1001540269
1001540442
1001540451
1001540479
1001540503
1001540564
1001540616
1001540648
1001537786
1001540765
1001540839
1001541776
1001541652
1001540694
1001540839
1001542697
1001542313
1001542019
1001542398
1001542593
1001542761
1001542864
1001542022
1001543769
1001543111
1001545329
1001545399
1001545762
1001546178
1001545482
1001544332
1001544491
1001544599
1001544901
1001544929
1001545357
1001546039
1001546166
1001546828
1001546969
1001544295
1001547408
1001548119
1001547304
1001547407
1001548289
1001549622
1001547264
1001547382
1001547392
1001547394
1001547410
1001548104
1001548119
1001548773
1001549697
1001549736
1001551615
1001552773
1001552778
1001550607
1001551468
1001551479
1001551623
1001552128
1001552780
1001550635
1001551623
1001551882
1001552059
1001552777
1001552941
1001555825
1001553413
1001554890
1001555238
1001555775
1001553315
1001553316
1001553351
1001553361
1001554940
1001556028
1001556570
1001556545
1001556675
1001556364
1001556411
1001556534
1001556921
1001556955
1001557234
1001557282
1001557576
1001558944
1001559217
1001559566
1001559572
1001560246
1001560289
1001560583
1001561650
1001562371
1001561744
1001568855
1001569072
1001571423
1001570009
1001570761
1001572400
1001572953
1001572647
1001572675
1001572970
1001573116
1001573124
1001573227
1001573229
1001573390
1001574097
1001573856
1001574328
1001575089
1001575182
1001575922
1001576593
1001577275
1001577501
1001577801
1001578151
1001579969
1001578073
1001578151
1001579092
1001578092
1001578759
1001580883
1001582195
1001582356
1001581996
1001583073
1001583337
1001583383
1001583949
1001586211
1001586643
1001585203
1001585277
1001589065
1001588242
1001588684
1001587223
1001590076
1001591260
1001591181
1001591898
1001591925
1001592609
1001592450
1001592731
1001592760
1001593261
1001593544
1001594129
1001594266
1001592450
1001596432
1001595306
1001595454
1001596020
1001596433
1001596504
1001300633
1001599119
1001300496
1001301136
1001303773
1001302429
1001301297
1001306290
1001304179
1001305794
1001306092
1001307105
1001307183
1001307917
1001307901
1001309925
1001309065
1001309065
1001309977
1001312770
1001312350
1001312773
1001312775
1001313741
1001314412
1001314517
1001315363
1001314637
1001314387
1001315370
1001315570
1001314027
1001314041
1001314745
1001315581
1001315891
1001316696
1001317263
1001317295
1001317423
1001318051
1001318156
1001318235
1001318238
1001318265
1001318275
1001318297
1001316375
1001316508
1001317148
1001320564
1001318309
1001318493
1001318515
1001318880
1001319406
1001318611
1001320900
1001321828
1001322350
1001323838
1001322029
1001322967
1001322154
1001324057
1001324182
1001324588
1001324668
1001324703
1001324357
1001324718
1001326646
1001329018
1001328257
1001327215
1001327274
1001328333
1001329066
1001329409
1001329436
1001329516
1001330092
1001331360
1001331984
1001332209
1001330210
1001329410
1001330257
1001330651
1001331211
1001331775
1001332739
1001332711
1001332733
1001332819
1001333164
1001333369
1001333622
1001336817
1001334974
1001336323
1001334778
1001334799
1001336028
1001336422
1001336739
1001336819
1001337090
1001337803
1001339441
1001337076
1001337582
1001337692
1001337894
1001338208
1001338446
1001338951
1001337071
1001337345
1001337788
1001339454
1001339458
1001340104
1001340059
1001340036
1001340057
1001340060
1001340086
1001340091
1001340093
1001340094
1001340105
1001340118
1001340122
1001340160
1001340284
1001342190
1001344596
1001344726
1001344734
1001342169
1001342738
1001342982
1001344552
1001342188
1001344981
1001345176
1001344981
1001344986
1001345053
1001345468
1001345732
1001346787
1001347282
1001349094
1001349661
1001349671
1001348638
1001347302
1001347527
1001347528
1001348037
1001348157
1001348932
1001349221
1001349579
1001349660
1001349774
1001349775
1001349977
1001350640
1001351810
1001352130
1001350020
1001350827
1001351323
1001351747
1001352588
1001354412
1001355025
1001352616
1001352618
1001352659
1001352751
1001352969
1001353275
1001353356
1001353930
1001354419
1001354615
1001355078
1001355167
1001352659
1001355314
1001355770
1001355866
1001355770
1001355179
1001356035
1001356235
1001356236
1001356270
1001356475
1001356890
1001357290
1001357311
1001357488
1001356477
1001357749
1001358630
1001360057
1001360053
1001357734
1001357801
1001358506
1001358639
1001359166
1001360177
1001360478
1001361179
1001361201
1001361915
1001360707
1001360748
1001363452
1001364193
1001365430
1001363395
1001364630
1001367666
1001367728
1001367965
1001367166
1001368295
1001368662
1001369006
1001370581
1001370437
1001369601
1001370437
1001370756
1001371407
1001372011
1001372111
1001372225
1001372827
1001372917
1001372929
1001372929
1001372748
1001372448
1001372929
1001373533
1001374044
1001374191
1001374267
1001373855
1001374046
1001374449
1001374619
1001374654
1001374710
1001374716
1001376660
1001376843
1001376679
1001374750
1001374759
1001374909
1001375319
1001374770
1001377975
1001378202
1001379964
1001377599
1001378154
1001378478
1001379172
1001379772
1001379854
1001378676
1001380239
1001380355
1001380384
1001380945
1001382095
1001382529
1001382530
1001382537
1001380350
1001382005
1001382277
1001382517
1001382521
1001380384
1001380926
1001380968
1001382005
1001382095
1001382521
1001382529
1001382530
1001383341
1001383367
1001384310
1001384659
1001384887
1001385108
1001385322
1001385399
1001385558
1001383360
1001385401
1001383332
1001385759
1001383350
1001383409
1001383416
1001385735
1001386478
1001386587
1001386783
1001387640
1001387756
1001388337
1001388338
1001385987
1001385991
1001386507
1001387544
1001387564
1001387854
1001388335
1001387395
1001388379
1001388450
1001389422
1001389106
1001389804
1001388611
1001388678
1001388860
1001389207
1001389218
1001389560
1001389851
1001389218
1001390107
1001390765
1001390834
1001391045
1001389864
1001390123
1001390513
1001390583
1001390664
1001390822
1001389864
1001390107
1001390765
1001393081
1001393481
1001393788
1001392087
1001393163
1001393648
1001391333
1001391897
1001392737
1001392876
1001392974
1001393338
1001393529
1001393606
1001391318
1001391897
1001392683
1001393788
1001394256
1001394346
1001394838
1001394979
1001396019
1001396083
1001394841
1001394138
1001394225
1001394791
1001396636
1001394192
1001394277
1001396896
1001398576
1001399021
1001399065
1001399282
1001396951
1001399057
1001399057
1001399342
1001396855
1001396898
1001396928
1001396940
1001398942
1001399671
1001399678
1001399703
1001399746
1001399775
1001399790
1001400441
1001400583
1001401956
1001401228
1001402745
1001405130
1001402745
1001405133
1001405314
1001403404
1001402731
1001405670
1001405933
1001405972
1001406431
1001405602
1001405972
1001406395
1001407055
1001407076
1001407117
1001407488
1001407539
1001407606
1001407505
1001406835
1001407130
1001407703
1001407606
1001408057
1001408102
1001409050
1001409277
1001409626
1001410619
1001408066
1001413869
1001413870
1001413871
1001414051
1001414102
1001414248
1001414272
1001414273
1001414972
1001415288
1001416349
1001416459
1001416463
1001416586
1001416680
1001413869
1001413870
1001414032
1001414050
1001414071
1001414071
1001414102
1001414108
1001414231
1001414248
1001414272
1001414273
1001414357
1001414358
1001414838
1001415514
1001416143
1001416678
1001416768
1001414814
1001415584
1001416207
1001416467
1001416496
1001416503
1001416509
1001415196
1001417047
1001417212
1001417218
1001417225
1001417824
1001417869
1001418733
1001417218
1001419614
1001419892
1001416795
1001417046
1001417079
1001417090
1001417245
1001418252
1001418253
1001418557
1001418567
1001418657
1001419092
1001419603
1001419683
1001419916
1001419957
1001420222
1001420315
1001420716
1001420908
1001420931
1001421052
1001421315
1001421964
1001422401
1001420128
1001421494
1001422156
1001422944
1001420121
1001420225
1001420226
1001420231
1001420336
1001420576
1001422318
1001422888
1001423173
1001423174
1001423177
1001423201
1001423247
1001423290
1001423299
1001423302
1001423384
1001423386
1001423463
1001423481
1001423514
1001423524
1001423551
1001423616
1001423645
1001423736
1001423817
1001423826
1001423877
1001423906
1001423943
1001423953
1001423966
1001423986
1001424030
1001424031
1001424039
1001424041
1001424081
1001424082
1001424086
1001424116
1001424124
1001424126
1001424127
1001424138
1001424328
1001424332
1001424365
1001424373
1001424375
1001424377
1001424388
1001424406
1001424412
1001424426
1001424430
1001424463
1001424467
1001424475
1001424491
1001424531
1001424605
1001424657
1001424676
1001424716
1001424724
1001424774
1001424776
1001424941
1001424942
1001424983
1001424985
1001424989
1001424995
1001425055
1001425068
1001425102
1001425123
1001425138
1001425150
1001425174
1001425214
1001425230
1001425300
1001424404
1001424466
1001424718
1001424811
1001424984
1001425145
1001425244
1001425314
1001426693
1001426722
1001426728
1001426735
1001426740
1001426748
1001426753
1001426828
1001426870
1001426922
1001426950
1001426987
1001426988
1001427013
1001427059
1001427065
1001427441
1001427487
1001427554
1001427555
1001427996
1001428059
1001428075
1001428205
1001428238
1001428310
1001428342
1001428346
1001428386
1001428394
1001428468
1001428488
1001428489
1001428510
1001428511
1001428535
1001428603
1001428609
1001428652
1001428653
1001428761
1001429022
1001429024
1001429025
1001429028
1001429039
1001429057
1001429113
1001429156
1001427452
1001428038
1001428687
1001429035
1001429036
1001429423
1001429436
1001429438
1001429442
1001429456
1001429521
1001429534
1001429545
1001429560
1001429581
1001429607
1001429714
1001429831
1001429925
1001429994
1001430020
1001430021
1001430041
1001430054
1001430234
1001430322
1001430323
1001430372
1001430519
1001430698
1001430712
1001430901
1001430954
1001431031
1001431244
1001431245
1001431246
1001431248
1001431396
1001431416
1001431428
1001431440
1001431481
1001431503
1001430112
1001431709
1001431713
1001431718
1001431766
1001431772
1001431773
1001431777
1001431787
1001431856
1001431861
1001431875
1001432554
1001432555
1001432646
1001432675
1001432687
1001432704
1001432761
1001433326
1001433343
1001433349
1001433372
1001433503
1001433532
1001433659
1001433768
1001433903
1001433946
1001434153
1001434159
1001434237
1001434250
1001434282
1001434373
1001434464
1001432366
1001432481
1001433381
1001433558
1001434608
1001434619
1001434621
1001434625
1001434681
1001434682
1001434741
1001434756
1001434785
1001434787
1001434809
1001434959
1001434975
1001435276
1001434905
1001435055
1001435354
1001435618
1001435644
1001435578
1001436134
1001436382
1001436406
1001436581
1001436049
1001436469
1001436930
1001437130
1001437334
1001437513
1001437349
1001436784
1001437358
1001437376
1001437501
1001437762
1001437764
1001437816
1001438537
1001438778
1001438783
1001439073
1001439727
1001439931
1001439932
1001439936
1001439966
1001441131
1001441373
1001441473
1001439059
1001439062
1001439064
1001439066
1001439069
1001439095
1001439107
1001439108
1001439156
1001439183
1001439186
1001439252
1001439739
1001439788
1001439836
1001439988
1001439997
1001440039
1001440177
1001440203
1001440252
1001440441
1001440454
1001440557
1001440736
1001440772
1001440813
1001440843
1001440853
1001440975
1001441031
1001441370
1001441404
1001441427
1001441472
1001439156
1001439164
1001439186
1001439252
1001439727
1001439788
1001440039
1001440203
1001440252
1001440441
1001440680
1001440813
1001440843
1001441296
1001441404
1001441472
1001441473
1001441690
1001441729
1001441842
1001442017
1001442360
1001442638
1001442922
1001443455
1001443615
1001443617
1001443602
1001443803
1001441478
1001441483
1001441683
1001441684
1001441693
1001441694
1001441699
1001441710
1001441711
1001441721
1001441726
1001441759
1001441813
1001441815
1001442080
1001442223
1001442242
1001442308
1001442460
1001442704
1001442706
1001442743
1001442805
1001442806
1001442824
1001442911
1001443314
1001443583
1001443598
1001443602
1001443626
1001443669
1001443713
1001444019
1001444024
1001444097
1001444182
1001441690
1001441770
1001441815
1001441842
1001441886
1001442192
1001442386
1001442806
1001442911
1001443297
1001443314
1001443455
1001443872
1001444097
1001444233
1001445068
1001445119
1001445933
1001446515
1001446811
1001447013
1001444425
1001444444
1001444445
1001444446
1001444449
1001444453
1001444480
1001444492
1001444494
1001444503
1001444515
1001444587
1001444751
1001444928
1001445041
1001445091
1001445123
1001445237
1001445312
1001445349
1001445416
1001445696
1001445850
1001445887
1001445914
1001446167
1001446198
1001446277
1001446320
1001446339
1001446368
1001446399
1001446459
1001446466
1001446478
1001446808
1001446810
1001446812
1001446870
1001446948
1001446994
1001447027
1001444446
1001444448
1001444449
1001444471
1001444472
1001444587
1001444720
1001444928
1001445068
1001445105
1001445416
1001445737
1001445887
1001446167
1001446459
1001446792
1001446796
1001446812
1001446853
1001446869
1001446948
1001446970
1001447027
1001447275
1001447340
1001447359
1001447461
1001447744
1001448456
1001449020
1001449047
1001449519
1001447275
1001448756
1001447176
1001447274
1001447279
1001447290
1001447351
1001447362
1001447365
1001447594
1001447732
1001447882
1001447987
1001448029
1001448129
1001448144
1001448172
1001448245
1001448643
1001448685
1001448724
1001448756
1001448765
1001448896
1001448897
1001449061
1001449226
1001449510
1001449598
1001449599
1001449614
1001449673
1001449677
1001449895
1001449939
1001447286
1001447351
1001447359
1001447365
1001447414
1001447468
1001447594
1001447600
1001447975
1001448216
1001448245
1001448299
1001448371
1001448443
1001448456
1001448685
1001448895
1001449046
1001449226
1001449229
1001449519
1001449613
1001449673
1001449677
1001449856
1001449895
1001450272
1001450302
1001450303
1001450625
1001450716
1001450738
1001450884
1001450465
1001450971
1001450981
1001450183
1001450225
1001450241
1001450269
1001450270
1001450284
1001450292
1001450429
1001450434
1001450457
1001450465
1001450466
1001450486
1001450496
1001450624
1001450654
1001450668
1001450690
1001450709
1001450715
1001450717
1001450724
1001450762
1001450765
1001450768
1001450769
1001450807
1001450810
1001450811
1001450835
1001450920
1001450936
1001450971
1001450250
1001450270
1001450466
1001450496
1001450623
1001450716
1001450721
1001450738
1001450744
1001450765
1001450811
1001450834
1001450884
1001450920
1001450936
1001451166
1001451178
1001451212
1001451248
1001451167
1001451177
1001451193
1001451210
1001451252
1001451431
1001451506
1001451565
1001451577
1001451578
1001451634
1001451699
1001451720
1001451731
1001451739
1001451749
1001451775
1001451776
1001451803
1001451815
1001451816
1001451820
1001451889
1001451922
1001451923
1001451924
1001451938
1001451946
1001451951
1001451961
1001452004
1001452039
1001452040
1001452065
1001451167
1001451248
1001451574
1001451578
1001451634
1001451739
1001451871
1001451923
1001451951
1001452004
1001452010
1001452292
1001452325
1001452354
1001452366
1001453136
1001453137
1001454257
1001454331
1001454801
1001454882
1001452327
1001452064
1001452235
1001452297
1001452302
1001452305
1001452327
1001452345
1001452374
1001452386
1001452861
1001452862
1001452892
1001452897
1001452904
1001452948
1001452972
1001453003
1001453076
1001453087
1001453092
1001453093
1001454081
1001454092
1001454098
1001454196
1001454215
1001454226
1001454252
1001454308
1001454313
1001454321
1001454354
1001454467
1001454473
1001454556
1001454557
1001454800
1001454809
1001454869
1001455019
1001452292
1001452297
1001452322
1001452345
1001452354
1001452366
1001452371
1001452386
1001452391
1001452892
1001452897
1001452904
1001452948
1001453076
1001453087
1001453092
1001453136
1001453700
1001453731
1001454069
1001454097
1001454257
1001454321
1001454473
1001454492
1001454556
1001454557
1001454801
1001454869
1001454938
1001454954
1001454992
1001455004
1001455019
1001455246
1001455533
1001456110
1001456728
1001457386
1001457387
1001455040
1001455209
1001455214
1001455231
1001455242
1001455243
1001455269
1001455275
1001455276
1001455289
1001455294
1001455324
1001455365
1001455610
1001455703
1001455752
1001455777
1001455854
1001455855
1001455894
1001455897
1001455902
1001456410
1001456468
1001456469
1001456503
1001456579
1001456872
1001456984
1001457006
1001457078
1001457107
1001457117
1001457216
1001457385
1001457388
1001457389
1001457540
1001457624
1001457717
1001457732
1001457791
1001457792
1001455231
1001455235
1001455242
1001455243
1001455246
1001455289
1001455294
1001455297
1001455365
1001455821
1001455854
1001455939
1001456410
1001456513
1001456728
1001456922
1001456984
1001457078
1001457117
1001457387
1001457540
1001457732
1001457792
1001458259
1001458304
1001458529
1001458579
1001459638
1001460061
1001458530
1001458011
1001458012
1001458048
1001458051
1001458060
1001458061
1001458066
1001458187
1001458193
1001458211
1001458216
1001458224
1001458307
1001458398
1001458530
1001458674
1001458706
1001458717
1001458723
1001458731
1001458768
1001458798
1001458811
1001458870
1001459295
1001459448
1001459512
1001459526
1001459637
1001459861
1001460112
1001460120
1001460124
1001460186
1001460278
1001460328
1001460329
1001460331
1001460332
1001460349
1001460429
1001460430
1001460462
1001460497
1001460526
1001460578
1001460579
1001460617
1001460646
1001458006
1001458011
1001458051
1001458061
1001458063
1001458216
1001458220
1001458224
1001458307
1001458631
1001458674
1001458717
1001458723
1001458759
1001458768
1001458780
1001458811
1001459286
1001459821
1001460333
1001460428
1001460569
1001460945
1001461346
1001461876
1001462006
1001462599
1001463467
1001460660
1001460875
1001460881
1001460882
1001460925
1001460931
1001460934
1001460936
1001460960
1001460964
1001461044
1001461050
1001461169
1001461171
1001461462
1001461490
1001461514
1001461531
1001461701
1001461864
1001461980
1001462032
1001462086
1001462323
1001462433
1001462529
1001462567
1001462689
1001462767
1001462794
1001462819
1001462830
1001462886
1001462969
1001463027
1001463029
1001463030
1001463033
1001463035
1001463036
1001463037
1001463039
1001463041
1001463097
1001463193
1001463248
1001463253
1001463469
1001460875
1001460882
1001460936
1001461286
1001461377
1001461490
1001461531
1001461569
1001461701
1001461864
1001461876
1001461980
1001462086
1001462280
1001462323
1001462608
1001462767
1001463027
1001463041
1001463097
1001463129
1001463253
1001463382
1001463813
1001463941
1001463608
1001463780
1001463781
1001463794
1001463802
1001463804
1001463805
1001463875
1001463878
1001463926
1001463931
1001463937
1001463956
1001463965
1001463980
1001464069
1001464406
1001464423
1001464496
1001464534
1001464579
1001464671
1001465086
1001465124
1001465302
1001465410
1001465421
1001466044
1001466100
1001466160
1001466162
1001466165
1001466168
1001466169
1001466170
1001466347
1001466450
1001466454
1001466457
1001463605
1001463877
1001463946
1001465049
1001465668
1001465970
1001466137
1001466161
1001466356
1001466461
1001466981
1001467205
1001467320
1001466476
1001466496
1001466634
1001466659
1001466661
1001466662
1001466663
1001466677
1001466756
1001466764
1001466775
1001466776
1001466783
1001466784
1001466785
1001466795
1001466797
1001466800
1001466801
1001466828
1001466865
1001466992
1001466999
1001467044
1001467079
1001467120
1001467124
1001467312
1001467320
1001467330
1001467343
1001467348
1001467369
1001467377
1001467380
1001467402
1001467413
1001467426
1001467473
1001467478
1001467527
1001467554
1001467570
1001467583
1001467584
1001467592
1001467594
1001467705
1001467749
1001467782
1001466483
1001466662
1001466675
1001466756
1001466776
1001466795
1001466889
1001466999
1001467047
1001467079
1001467330
1001467348
1001467377
1001467380
1001467402
1001467527
1001467554
1001467584
Bbv+(NHK%E
1001467772
1001468490
1001468685
1001467789
1001467942
1001467987
1001467991
1001468006
1001468171
1001468254
1001468258
1001468294
1001468305
1001468333
1001468448
1001468491
1001468610
1001468611
1001468627
1001468633
1001468703
1001468704
1001468786
1001468808
1001468820
1001468845
1001468852
1001468856
1001468866
1001468869
1001468873
1001468894
1001468900
1001467789
1001467942
1001467991
1001467992
1001468000
1001468006
1001468020
1001468171
1001468254
1001468492
1001468643
1001468808
1001468820
1001468866
1001468873
1001468896
1001469110
1001469149
1001471368
1001471651
1001471760
1001468900
1001469072
1001469090
1001469106
1001469109
1001469128
1001469129
1001469180
1001469228
1001469293
1001469436
1001469582
1001469684
1001469688
1001469696
1001469746
1001469805
1001469862
1001470087
1001470208
1001470379
1001470412
1001470544
1001470640
1001470854
1001470949
1001471024
1001471126
1001471149
1001471232
1001471275
1001471331
1001471362
1001471363
1001471365
1001471366
1001471549
1001471581
1001471646
1001471760
1001468896
1001469072
1001469109
1001469110
1001469112
1001469115
1001469129
1001469283
1001469293
1001469374
1001469582
1001469688
1001469862
1001470010
1001470162
1001470208
1001471362
1001471363
1001471367
1001471368
1001471486
1001471549
1001471646
1001471780
1001473008
1001471829
1001472007
1001472011
1001472027
1001472035
1001472042
1001472045
1001472066
1001472071
1001472075
1001472087
1001472088
1001472089
1001472116
1001472121
1001472122
1001472156
1001472180
1001472256
1001472362
1001472677
1001472727
1001472755
1001472756
1001472787
1001472801
1001472847
1001472890
1001472960
1001473110
1001473151
1001473228
1001473229
1001473360
1001473412
1001473473
1001473490
1001473665
1001473686
1001473745
1001473794
1001473808
1001473923
1001473982
1001473992
1001473993
1001474054
1001474199
1001474219
1001474270
1001474271
1001474272
1001474274
1001474278
1001474523
1001474574
1001474616
1001474621
1001474686
1001474706
1001472042
1001472071
1001472171
1001472180
1001472256
1001472727
1001472756
1001472766
1001472890
1001473012
1001473412
1001473495
1001473662
1001473665
1001474054
1001474074
1001474199
1001474274
1001474458
1001474574
1001474706
1001474715
1001474960
1001475452
1001476138
1001477253
1001477452
1001475830
1001476138
1001474740
1001474933
1001474934
1001474937
1001474938
1001474940
1001474945
1001474965
1001474967
1001474968
1001474976
1001474989
1001474998
1001475022
1001475274
1001475287
1001475354
1001475411
1001475461
1001475581
1001475618
1001475633
1001475685
1001475704
1001475714
1001475743
1001475757
1001475774
1001475806
1001475830
1001475847
1001475900
1001475977
1001476204
1001476294
1001476348
1001476376
1001476395
1001476465
1001476508
1001476553
1001476579
1001476647
1001476690
1001476715
1001476829
1001476834
1001476971
1001477187
1001477188
1001477192
1001477230
1001477250
1001477310
1001477315
1001477330
1001477339
1001474938
1001474942
1001474965
1001474966
1001474977
1001474989
1001475073
1001475128
1001475411
1001475689
1001475830
1001476348
1001476376
1001476465
1001476480
1001476486
1001476508
1001476553
1001476597
1001476690
1001476715
1001477191
1001477315
1001477330
1001477847
1001479924
1001480113
1001479182
1001477473
1001477646
1001477647
1001477648
1001477669
1001477726
1001477733
1001477737
1001477770
1001477771
1001477776
1001477780
1001477791
1001477796
1001477801
1001477816
1001477840
1001477901
1001478191
1001478215
1001478267
1001478295
1001478338
1001478351
1001478392
1001478407
1001478411
1001478416
1001478464
1001478518
1001478544
1001478597
1001478665
1001478686
1001478761
1001478822
1001478878
1001478903
1001478921
1001478955
1001478965
1001479182
1001479195
1001479243
1001479279
1001479369
1001479544
1001479563
1001479600
1001479618
1001479663
1001479695
1001479717
1001479758
1001479825
1001479829
1001479840
1001479894
1001479922
1001479968
1001480006
1001480083
1001480098
1001480102
1001480104
1001480106
1001480107
1001480108
1001480109
1001480111
1001480128
1001480273
1001480308
1001480316
1001480327
1001480337
1001477473
1001477690
1001477774
1001477816
1001477840
1001477848
1001478065
1001478161
1001478191
1001478215
1001478295
1001478338
1001478392
1001478416
1001478464
1001478518
1001478544
1001478597
1001478903
1001479182
1001479209
1001479243
1001479369
1001479497
1001479563
1001479894
1001480006
1001480098
1001480100
1001480106
1001480110
1001480308
1001483722
1001484018
1001484159
1001484263
1001483579
1001483580
1001483612
1001483615
1001483639
1001483652
1001483656
1001483666
1001483678
1001483721
1001483736
1001483741
1001483859
1001483862
1001483890
1001483955
1001483959
1001483982
1001484037
1001484045
1001484158
1001484194
1001484217
1001484222
1001484225
1001484251
1001484273
1001484277
1001484278
1001484280
1001484338
1001484341
1001484351
1001484354
1001484361
1001484390
1001484401
1001484403
1001484404
1001484411
1001484416
1001484441
1001484454
1001483579
1001483612
1001483654
1001483656
1001483657
1001483678
1001483721
1001483722
1001483859
1001483934
1001483955
1001483959
1001483979
1001484000
1001484037
1001484159
1001484165
1001484194
1001484226
1001484311
1001484344
1001484351
1001484390
1001484402
1001484403
1001484404
1001484441
1001484454
1001485356
1001485482
1001484617
1001484618
1001484641
1001484642
1001484643
1001484654
1001484655
1001484656
1001484657
1001484658
1001484659
1001484678
1001484695
1001484702
1001484718
1001484861
1001484875
1001484882
1001484885
1001484907
1001484924
1001484939
1001484945
1001484950
1001484998
1001485121
1001485122
1001485128
1001485162
1001485163
1001485176
1001485184
1001485209
1001485210
1001485220
1001485224
1001485233
1001485289
1001485290
1001485309
1001485327
1001485331
1001485332
1001485352
1001485403
1001485404
1001485405
1001485411
1001485425
1001485446
1001485457
1001485511
1001484618
1001484643
1001484655
1001484656
1001484695
1001484702
1001484718
1001484875
1001484882
1001484907
1001485122
1001485163
1001485176
1001485184
1001485209
1001485210
1001485224
1001485264
1001485289
1001485290
1001485309
1001485327
1001485356
1001485404
1001485411
1001485420
1001485425
1001485457
1001485482
1001485511
1001486155
1001487717
1001488165
1001485738
1001485482
1001485540
1001485704
1001485738
1001485750
1001485751
1001485752
1001485755
1001485756
1001485759
1001485764
1001485778
1001485786
1001485788
1001485802
1001485803
1001485823
1001485912
1001485970
1001486177
1001486298
1001486328
1001486361
1001486364
1001486373
1001486388
1001486393
1001486403
1001486427
1001486715
1001486739
1001486848
1001486941
1001486948
1001486968
1001486974
1001486977
1001487056
1001487066
1001487164
1001487216
1001487223
1001487326
1001487342
1001487361
1001487525
1001487539
1001487561
1001487639
1001487647
1001487668
1001487681
1001487731
1001487773
1001487801
1001487866
1001488072
1001488074
1001488127
1001488225
1001488297
1001488301
1001485482
1001485704
1001485755
1001485756
1001485802
1001485841
1001485912
1001486177
1001486282
1001486361
1001486364
1001486373
1001486388
1001486403
1001486418
1001486423
1001486715
1001486739
1001486815
1001486832
1001486848
1001486968
1001486974
1001487056
1001487066
1001487164
1001487347
1001487396
1001487525
1001487647
1001487681
1001487726
1001487731
1001487801
1001487866
1001487872
1001488072
1001488165
1001488949
1001489485
1001489968
1001490299
1001488530
1001488580
1001488583
1001488587
1001488588
1001488590
1001488591
1001488592
1001488597
1001488598
1001488601
1001488603
1001488604
1001488606
1001488607
1001488608
1001488609
1001488619
1001488620
1001488685
1001488745
1001488765
1001488977
1001489042
1001489048
1001489068
1001489095
1001489108
1001489148
1001489173
1001489186
1001489214
1001489225
1001489233
1001489253
1001489271
1001489313
1001489314
1001489515
1001489532
1001489649
1001489668
1001489684
1001489705
1001489715
1001489721
1001489781
1001489803
1001489811
1001489893
1001489910
1001489975
1001490262
1001490433
1001490488
1001490548
1001490680
1001490682
1001490684
1001490689
1001490831
1001490836
1001490845
1001490897
1001490933
1001490942
1001488580
1001488583
1001488587
1001488588
1001488590
1001488604
1001488609
1001488745
1001488765
1001489095
1001489148
1001489214
1001489225
1001489253
1001489313
1001489581
1001489632
1001489668
1001489684
1001489803
1001489811
1001489893
1001490085
1001490262
1001490273
1001490548
1001490682
1001490897
1001490933
1001490951
1001491372
1001493266
1001493640
1001490988
1001491010
1001491012
1001491013
1001491226
1001491230
1001491233
1001491236
1001491256
1001491258
1001491265
1001491268
1001491284
1001491287
1001491292
1001491313
1001491332
1001491343
1001491360
1001491407
1001491438
1001491517
1001491661
1001491718
1001491721
1001491797
1001491925
1001491931
1001491977
1001491978
1001492117
1001492166
1001492273
1001492336
1001492420
1001492447
1001492509
1001492584
1001492657
1001492700
1001492711
1001492822
1001492901
1001492969
1001493050
1001493093
1001493249
1001493277
1001493334
1001493338
1001493349
1001493356
1001493399
1001493451
1001493628
1001493630
1001493631
1001493634
1001493636
1001493638
1001493641
1001493741
1001493742
1001493759
1001493779
1001493824
1001493847
1001493865
1001493869
1001493949
1001493951
1001493968
1001493986
1001491268
1001491280
1001491284
1001491287
1001491292
1001491332
1001491343
1001491517
1001491718
1001491721
1001491797
1001491925
1001491934
1001491962
1001491978
1001491993
1001492166
1001492269
1001492273
1001492336
1001492700
1001492711
1001492969
1001493036
1001493249
1001493349
1001493451
1001493628
1001493632
1001493634
1001493637
1001493741
1001493742
1001493828
1001494021
1001494543
1001495680
1001494226
1001494016
1001494019
1001494208
1001494211
1001494227
1001494228
1001494229
1001494241
1001494261
1001494262
1001494305
1001494313
1001494316
1001494318
1001494319
1001494464
1001494633
1001494647
1001494650
1001494655
1001494916
1001494961
1001495031
1001495050
1001495168
1001495212
1001495215
1001495262
1001495285
1001495307
1001495441
1001495489
1001495510
1001495522
1001495624
1001495625
1001495734
1001495777
1001495780
1001495804
1001495909
1001495911
1001496022
1001496135
1001496144
1001496172
1001496284
1001496307
1001496354
1001496356
1001496381
1001496462
1001496478
1001496737
1001496742
1001496744
1001496747
1001496748
1001496749
1001496810
1001496838
1001496840
1001496844
1001496863
1001496900
1001496904
1001494019
1001494208
1001494211
1001494225
1001494227
1001494228
1001494230
1001494313
1001494316
1001494464
1001494655
1001494776
1001494961
1001495015
1001495285
1001495679
1001495680
1001495780
1001495804
1001496411
1001496479
1001496616
1001496737
1001496838
1001496853
1001496863
1001496896
1001496900
1001496904
1001497250
1001497337
1001497339
1001497781
1001499010
1001499451
1001497070
1001497200
1001497201
1001497211
1001497232
1001497255
1001497266
1001497275
1001497281
1001497288
1001497298
1001497327
1001497336
1001497342
1001497411
1001497419
1001497429
1001497452
1001497466
1001497471
1001497491
1001497502
1001497525
1001497638
1001497768
1001497828
1001497858
1001497904
1001497915
1001497946
1001498020
1001498028
1001498224
1001498227
1001498359
1001498395
1001498483
1001498521
1001498622
1001498649
1001498675
1001498764
1001498843
1001498862
1001498884
1001498974
1001499011
1001499043
1001499063
1001499065
1001499155
1001499157
1001499200
1001499444
1001499447
1001499450
1001499504
1001499596
1001497200
1001497255
1001497269
1001497298
1001497326
1001497327
1001497419
1001497426
1001497429
1001497452
1001497466
1001497471
1001497491
1001497904
1001498224
1001498393
1001498675
1001498764
1001499043
1001499451
1001499504
1001499517
1001499927
1001499774
1001499781
1001499810
1001499813
1001499815
1001499875
1001499888
1001499889
1001499890
1001499892
1001499895
1001499915
1001499924
1001500033
1001500079
1001500120
1001500128
1001500135
1001500161
1001500178
1001500198
1001500230
1001500253
1001500331
1001500391
1001500429
1001500430
1001500431
1001500438
1001500450
1001500475
1001500476
1001500483
1001500484
1001500497
1001500508
1001500575
1001500576
1001500590
1001500591
1001500592
1001500601
1001500612
1001500613
1001500640
1001499813
1001499824
1001499875
1001499888
1001499890
1001499892
1001499915
1001499924
1001499927
1001500079
1001500083
1001500114
1001500120
1001500230
1001500237
1001500391
1001500395
1001500450
1001500474
1001500475
1001500476
1001500507
1001500590
1001500603
1001500627
1001500853
1001501006
1001501039
1001501459
1001501569
1001501459
1001501568
1001501569
1001500603
1001500833
1001500849
1001500850
1001500855
1001500856
1001500889
1001500891
1001500906
1001500927
1001500936
1001500956
1001500993
1001501056
1001501083
1001501085
1001501128
1001501243
1001501271
1001501273
1001501305
1001501318
1001501340
1001501354
1001501363
1001501417
1001501433
1001501435
1001501462
1001501465
1001501568
1001501580
1001501624
1001501626
1001500855
1001500862
1001500865
1001501200
1001501363
1001501465
1001501948
1001502498
1001502545
1001502856
1001504096
1001501644
1001501644
1001501810
1001501816
1001501817
1001501833
1001501858
1001501959
1001501965
1001501998
1001502028
1001502034
1001502152
1001502213
1001502400
1001502536
1001502565
1001502571
1001502630
1001502636
1001502764
1001502775
1001503014
1001503018
1001503167
1001503172
1001503248
1001503327
1001503433
1001503452
1001503653
1001503736
1001503760
1001503773
1001503820
1001503922
1001503954
1001504363
1001504494
1001501856
1001502028
1001502152
1001502400
1001502536
1001502565
1001502605
1001502718
1001502764
1001502822
1001503471
1001503653
1001503954
1001504359
1001504411
1001504500
1001504897
1001505818
1001507446
1001506084
1001504567
1001504795
1001504807
1001504812
1001504830
1001504848
1001504862
1001504870
1001504873
1001505013
1001505014
1001505261
1001505305
1001505319
1001505424
1001505579
1001505600
1001505751
1001505757
1001505758
1001505918
1001506121
1001506301
1001506305
1001506439
1001506532
1001506534
1001506632
1001506703
1001506705
1001506720
1001506747
1001506835
1001507133
1001507171
1001507173
1001507174
1001507243
1001507263
1001507289
1001507372
1001507411
1001504830
1001504847
1001504897
1001505087
1001505818
1001506085
1001507227
1001507767
1001508536
1001510065
1001507670
1001507676
1001507684
1001507694
1001507699
1001507701
1001507710
1001507724
1001507762
1001507792
1001507797
1001507806
1001507809
1001507979
1001508183
1001508232
1001508243
1001508317
1001508510
1001508879
1001508969
1001509125
1001509419
1001509420
1001509577
1001509775
1001509979
1001510058
1001510194
1001510235
1001510272
1001510273
1001510277
1001510316
1001510325
1001507710
1001507791
1001507792
1001507979
1001508232
1001508420
1001509111
1001509419
1001509420
1001509593
1001509982
1001510135
1001510311
1001510340
1001513067
1001510591
1001510593
1001510623
1001511447
1001511645
1001511649
1001513073
1001510588
1001510626
1001510701
1001520615
1001518328
1001518431
1001518661
1001518899
1001518917
1001519513
1001520967
1001521038
1001521039
1001521042
1001521634
1001521649
1001521652
1001521689
1001522275
1001522439
1001522629
1001522721
1001522974
1001523185
1001523190
1001523390
1001523450
1001523390
1001523692
1001523701
1001523796
1001524308
1001524411
1001524534
1001525016
1001526038
1001526713
1001527272
1001527515
1001527767
1001528283
1001529022
1001529944
1001530621
1001529129
1001529380
1001529540
1001529654
1001529835
1001529839
1001529945
1001529946
1001530179
1001530829
1001531213
1001531362
1001529946
1001531636
1001532238
1001532241
1001532950
1001531877
1001532239
1001532390
1001532515
1001532518
1001532950
1001536152
1001535205
1001535233
1001536210
1001537167
1001537508
1001539888
1001537486
1001537510
1001537744
1001538149
1001538158
1001538165
1001538234
1001538267
1001538451
1001538794
1001539510
1001539878
1001539881
1001539896
1001540003
1001537381
1001537522
1001540321
1001540453
1001540485
1001542081
1001542574
1001542842
1001540362
1001540791
1001540954
1001541185
1001541320
1001541476
1001541607
1001542292
1001542489
1001542538
1001542825
1001542846
1001542956
1001542997
1001540587
1001542997
1001543293
1001543507
1001545351
1001543265
1001543284
1001543303
1001543348
1001543367
1001543383
1001543449
1001543473
1001543482
1001543488
1001543910
1001543985
1001544015
1001544187
1001544198
1001544427
1001544460
1001544634
1001544840
1001545057
1001545955
1001543334
1001549513
1001549711
1001549404
1001549407
1001549518
1001549524
1001549728
1001550014
1001550038
1001550202
1001550212
1001550286
1001550315
1001550510
1001550616
1001549513
1001549650
1001551318
1001550898
1001550907
1001550913
1001550922
1001550947
1001550975
1001551037
1001551190
1001551195
1001551371
1001551850
1001551918
1001552051
1001551318
1001551994
1001553145
1001553861
1001554426
1001554426
1001554693
1001552247
1001552388
1001552418
1001552686
1001553157
1001553339
1001553435
1001554361
1001554680
1001554934
1001555105
1001555483
1001555595
1001555808
1001556008
1001558172
1001557643
1001555128
1001555423
1001556110
1001556114
1001556737
1001556780
1001556881
1001558175
1001557943
1001558477
1001558645
1001560109
1001558493
1001558556
1001558570
1001558578
1001558663
1001559335
1001559340
1001559464
1001559465
1001559903
1001559911
1001560362
1001560621
1001560902
1001561065
1001561116
1001561268
1001561274
1001561333
1001561121
1001561333
1001561675
1001561680
1001561682
1001561704
1001561730
1001561775
1001562271
1001562826
1001563413
1001563598
1001564427
1001564429
1001564493
1001564427
1001564827
1001564939
1001564953
1001565801
1001566742
1001566816
1001567413
1001564824
1001564953
1001564807
1001564826
1001564830
1001565014
1001565297
1001565652
1001566186
1001566263
1001566354
1001566386
1001566582
1001567094
1001565466
1001565801
1001566354
1001568306
1001567627
1001567634
1001567642
1001567652
1001567811
1001568349
1001568355
1001568368
1001567653
1001569518
1001568780
1001569025
1001569161
1001569740
1001569793
1001569793
1001570012
1001570202
1001570489
1001570689
1001570717
1001571008
1001571229
1001571273
1001571375
1001571904
1001572263
1001572340
1001572265
1001572768
1001573497
1001573577
1001573666
1001574506
1001574963
1001575120
1001575208
1001575367
1001573166
1001575120
1001576008
1001577166
1001577355
1001577687
1001577828
1001578423
1001578525
1001581667
1001581673
1001581691
1001581725
1001581823
1001582152
1001582627
1001582889
1001583834
1001584255
1001584362
1001584452
1001584784
1001584799
1001584918
1001584932
1001585394
1001585698
1001585883
1001587049
1001586250
1001586312
1001586347
1001586582
1001586808
1001586949
1001586996
1001587350
1001587355
1001586312
1001586582
1001587354
1001587761
1001588694
1001588968
1001589182
1001589460
1001589707
1001591222
1001591273
1001591947
1001592670
1001592967
1001593095
1001591222
1001594956
1001593368
1001593882
1001594163
1001594417
1001594607
1001595203
1001595404
1001595843
1001595871
1001595876
1001595887
1001595932
1001593471
1001595740
1001598412
1001596128
1001596167
1001596236
1001596246
1001596836
1001598376
1001598403
1001596161
1001598937
1001301252
1001301449
1001599040
1001303361
1001304029
1001304589
1001304280
1001304332
1001304374
1001304569
1001304589
1001304696
1001305214
1001305313
1001304280
1001305836
1001306948
1001307351
1001307441
1001307840
1001309453
1001310752
1001308440
1001308478
1001308550
1001308998
1001309260
1001309402
1001309459
1001310227
1001310413
1001310515
1001310788
1001311996
1001313256
1001313494
1001310930
1001311131
1001311228
1001311336
1001311378
1001311648
1001311932
1001312924
1001313566
1001313256
1001314252
1001314761
1001314812
1001315180
1001315627
1001314550
1001314590
1001315254
1001315816
1001316590
1001316650
1001317400
1001317829
1001317289
1001318196
1001318244
1001319082
1001319651
1001319661
1001319686
1001320194
1001320513
1001320514
1001320960
1001320960
1001322890
1001324517
1001324062
1001322078
1001322116
1001322986
1001324609
1001322227
1001327533
1001327553
1001329732
1001329999
1001328761
1001327463
1001327583
1001328231
1001328328
1001328569
1001328761
1001328795
1001329184
1001329202
1001329676
1001329966
1001330054
1001327976
1001330291
1001330871
1001330980
1001330567
1001330871
1001332706
1001330391
1001332632
1001333199
1001333283
1001333469
1001333870
1001334022
1001334022
1001333010
1001333206
1001333281
1001333320
1001333484
1001334528
1001334926
1001335029
1001335143
1001335785
1001335590
1001335649
1001336887
1001338126
1001336073
1001336115
1001337233
1001337490
1001337551
1001337871
1001337909
1001339073
1001340353
1001338580
1001338915
1001339116
1001340142
1001340505
1001341132
1001341921
1001342451
1001343397
1001343626
1001344086
1001343707
1001344104
1001343397
1001344666
1001344961
1001345910
1001345992
1001346040
1001346454
1001347088
1001347376
1001344997
1001344865
1001346518
1001347019
1001347453
1001347696
1001347895
1001347899
1001347902
1001347906
1001347990
1001348011
1001348030
1001348131
1001348163
1001348284
1001348631
1001349049
1001349064
1001349339
1001349808
1001349833
1001349905
1001350026
1001350035
1001350065
1001350080
1001350091
1001350143
1001350276
1001350304
1001350679
1001347959
1001348671
1001348808
1001347878
1001348314
1001348436
1001349499
1001350776
1001350950
1001351162
1001351212
1001351225
1001351606
1001351733
1001351860
1001352207
1001352224
1001351260
1001351212
1001351234
1001351260
1001351351
1001351404
1001352192
1001352082
1001352478
1001352556
1001352930
1001352955
1001353545
1001352535
1001352570
1001352686
1001353235
1001353480
1001353709
1001353740
1001353774
1001353979
1001353980
1001354048
1001354124
1001354330
1001354436
1001354539
1001354546
1001355035
1001355277
1001355290
1001355399
1001355513
1001355565
1001355589
1001355675
1001355712
1001355788
1001355983
1001356305
1001356512
1001355474
1001354387
1001354597
1001354611
1001355474
1001356307
1001356346
1001356393
1001354013
1001355277
1001356659
1001356673
1001356684
1001356685
1001356704
1001356862
1001356870
1001356912
1001356917
1001356926
1001356958
1001357006
1001357008
1001357015
1001357017
1001357028
1001357046
1001357090
1001357165
1001357202
1001357351
1001357655
1001357657
1001357741
1001357882
1001358231
1001358751
1001359178
1001359218
1001359219
1001356980
1001357022
1001357044
1001357088
1001357288
1001357779
1001358499
1001358683
1001358884
1001356926
1001359681
1001359683
1001359684
1001359710
1001359715
1001360371
1001361821
1001362218
1001359710
1001362218
1001359682
1001359725
1001359803
1001360243
1001361430
1001359651
1001362664
1001363137
1001364716
1001364750
1001365203
1001362611
1001362631
1001364288
1001364335
1001364414
1001364600
1001364604
1001362594
1001363519
1001363400
1001367072
1001367783
1001365553
1001369057
1001369165
1001369582
1001370492
1001369582
1001370163
1001371312
1001372680
1001377913
1001378079
1001378195
1001382765
1001382765
1001383881
1001384152
1001383881
1001384601
1001385545
1001387232
1001387424
1001390633
1001391405
1001393244
1001393246
1001393823
1001393733
1001397543
1001397543
1001399634
1001403354
1001403354
1001405761
1001406822
1001406822
1001409866
1001409068
1001409622
1001410557
1001413573
1001414020
1001414773
1001416277
1001417600
1001417652
1001419124
1001421945
1001424654
1001425072
1001426359
1001426494
1001427278
1001428797
1001428906
1001429254
1001426455
1001429837
1001434510
1001435516
1001435999
1001436016
1001440478
1001444407
1001446930
1001446966
1001444407
1001444407
1001444892
1001447318
1001450441
1001451122
1001452095
1001451122
1001453424
1001453441
1001453410
1001454691
1001455335
1001455301
1001456574
1001456742
1001456141
1001456756
1001458333
1001459377
1001461664
1001463585
1001462069
1001467366
1001465607
1001466063
1001466273
1001467959
1001468801
1001469877
1001470796
1001467974
1001469877
1001471822
1001474170
1001478345
1001479932
1001478345
1001482044
1001482302
1001483817
1001483821
1001482044
1001482900
1001483817
1001486443
1001490095
1001490539
1001491266
1001491923
1001492938
1001495655
1001496357
1001498031
1001498303
1001496263
1001496274
1001497147
1001498031
1001498794
1001498962
1001499386
1001501652
1001499386
1001499530
1001505085
1001503440
1001503743
1001506508
1001506586
1001506648
1001508452
1001510398
1001510888
1001510542
1001510781
1001515795
1001516021
1001514890
1001516021
1001517006
1001517063
1001519112
1001519744
1001522019
1001523378
1001523313
1001524429
1001526100
1001525776
1001529496
1001529263
1001526876
1001532056
1001533621
1001534401
1001534560
1001535701
1001533621
1001535341
1001540305
1001540990
1001541648
1001542129
1001545429
1001545489
1001546067
1001546129
1001546852
1001547902
1001547714
1001551522
1001552983
1001557190
1001557366
1001558026
1001558097
1001557223
1001557880
1001559098
1001559665
1001560494
1001559665
1001562940
1001564029
1001568407
1001568938
1001569647
1001569737
1001571111
1001572509
1001572741
1001573993
1001573056
1001582477
1001582933
1001586086
1001588514
1001590285
1001591218
1001591909
1001591961
1001300110
1001303167
1001306169
1001307529
1001309262
1001309531
1001309860
1001310215
1001309860
1001310435
1001311633
1001312500
1001312535
1001312414
1001313420
1001315108
1001317736
1001319026
1001319059
1001320094
1001320526
1001322664
1001325115
1001325434
1001327094
1001327714
1001325434
1001327804
1001328164
1001329490
1001331523
1001331669
1001332531
1001333432
1001334636
1001335956
1001335993
1001335596
1001335931
1001335956
1001336409
1001336421
1001336491
1001338762
1001339309
1001336421
1001336491
1001337210
1001339985
1001340015
1001343200
1001343318
1001345184
1001345951
1001345985
1001343319
1001346823
1001347540
1001348212
1001348323
1001348608
1001348798
1001348858
1001348593
1001351683
1001352123
1001349348
1001353752
1001355030
1001357073
1001357579
1001359532
1001361303
1001366845
1001368305
1001367863
1001375358
1001376818
1001376918
1001379897
1001383578
1001383949
1001384035
1001384129
1001384294
1001386442
1001390786
1001393429
1001394095
1001396594
1001398092
1001401398
1001401734
1001401792
1001416480
1001419165
1001420907
1001421917
1001325050
1001325477
1001325587
1001325091
1001325095
1001326053
1001325058
1001341401
1001341418
1001341792
1001341783
1001410878
1001410891
1001410892
1001410899
1001411356
1001411516
1001411721
1001412523
1001412897
1001412971
1001413057
1001413089
1001413187
1001413438
1001413570
1001410909
1001411721
1001412698
1001412940
1001413057
1001413384
1001413433
1001413435
1001413706
1001411083
1001411373
1001412940
1001413669
1001425056
1001425301
1001425322
1001425492
1001425505
1001425512
1001425535
1001425561
1001425564
1001425565
1001425566
1001425579
1001425588
1001425605
1001425783
1001425786
1001425798
1001425816
1001425821
1001425857
1001425876
1001426004
1001426008
1001426143
1001426169
1001426184
1001426199
1001426211
1001426295
1001426397
1001426399
1001426437
1001425806
1001425562
1001426270
1001426199
1001480630
1001480644
1001481085
1001480488
1001480493
1001480494
1001480496
1001480501
1001480502
1001480527
1001480532
1001480579
1001480592
1001480594
1001480625
1001480635
1001481201
1001481210
1001481218
1001481302
1001481306
1001481343
1001481392
1001481395
1001481396
1001481406
1001481407
1001481510
1001481520
1001481579
1001481592
1001481594
1001481809
1001481811
1001481918
1001482020
1001482083
1001482134
1001482224
1001482251
1001482392
1001482427
1001482442
1001482475
1001482539
1001482551
1001482625
1001482792
1001482906
1001483079
1001483084
1001483108
1001483143
1001483146
1001483151
1001483209
1001483225
1001483232
1001483302
1001483414
1001483416
1001483418
1001483435
1001480487
1001480488
1001480494
1001480502
1001480506
1001480579
1001480592
1001480621
1001480625
1001480907
1001481135
1001481136
1001481210
1001481218
1001481274
1001481302
1001481406
1001481520
1001481572
1001481592
1001481594
1001481968
1001482442
1001482539
1001482551
1001482559
1001482610
1001482786
1001482792
1001482906
1001483079
1001483084
1001483108
1001483143
1001483209
1001483223
1001483231
1001483241
1001483305
1001483414
1001516415
1001516956
1001516179
1001516209
1001516330
1001516426
1001516968
1001516330
1001517609
1001517261
1001517682
1001518087
1001533410
1001533674
1001546296
1001547192
1001547954
1001578984
1001579204
1001301807
1001301907
1001325454
1001326605
1001327080
1001326493
1001327095
1001437834
1001437933
1001442226
1001443081
1001443570
1001443754
1001443913
1001444020
1001513090
1001513512
1001514943
1001513324
1001513380
1001513396
1001514036
