1001036184
1001036259
1001036261
1001036264
1001036413
1001036432
1001036383
1001036635
1001036643
1001036646
1001036708
1001036801
1001036866
1001036893
1001037149
1001037293
1001037406
1001037514
1001037568
1001037685
1001037688
1001037710
1001037755
1001037758
1001037764
1001037774
1001037819
1001037697
1001037729
1001037736
1001037928
1001037942
1001037945
1001037854
1001038034
1001038038
1001038122
1001038152
1001038164
1001038224
1001038498
1001038505
1001038511
1001038549
1001038624
1001038644
1001038686
1001038711
1001038760
1001038907
1001038907
1001039009
1001039054
1001039059
1001039100
1001039162
1001039181
1001039307
1001039343
1001039350
1001039355
1001039708
1001039755
1001040114
1001040363
1001040364
1001040600
1001040606
1001040723
1001040730
1001040736
1001040737
1001040740
1001040759
1001040812
1001040817
1001040827
1001040829
1001040843
1001040847
1001040848
1001040854
1001040852
1001040855
1001040863
1001040864
1001040868
1001040871
1001040878
1001040884
1001040887
1001040894
1001040902
1001040908
1001040929
1001040866
1001040880
1001040890
1001040976
1001040980
1001040987
1001040988
1001040989
1001041002
1001041004
1001041009
1001041010
1001041013
1001041017
1001041029
1001041031
1001041032
1001041033
1001041045
1001041051
1001040957
1001041097
1001041103
1001041106
1001041109
1001041110
1001041112
1001041114
1001041120
1001041122
1001041139
1001041144
1001041145
1001041147
1001041154
1001041155
1001041175
1001041177
1001041184
1001041183
1001041230
1001041232
1001041238
1001041239
1001041255
1001041257
1001041268
1001041274
1001041277
1001041280
1001041291
1001041293
1001041296
1001041298
1001041300
1001041356
1001041358
1001041368
1001041371
1001041386
1001041390
1001041392
1001041395
1001041399
1001041400
1001041404
1001041427
1001041337
1001041457
1001041458
1001041461
1001041463
1001041468
1001041483
1001041484
1001041486
1001041489
1001041497
1001041499
1001041500
1001041507
1001041509
1001041511
1001041513
1001041514
1001041519
1001041527
1001041531
1001041532
1001041534
1001041535
1001041547
1001041550
1001041559
1001041455
1001041605
1001041608
1001041609
1001041610
1001041612
1001041613
1001041614
1001041619
1001041622
1001041624
1001041627
1001041631
1001041632
1001041635
1001041649
1001041650
1001041704
1001041705
1001041707
1001041709
1001041715
1001041718
1001041724
1001041726
1001041729
1001041730
1001041746
1001041749
1001041759
1001041766
1001041769
1001041772
1001041773
1001041778
1001041786
1001041788
1001041790
1001041798
1001041805
1001041816
1001041822
1001041827
1001041830
1001041835
1001041836
1001041886
1001041890
1001041905
1001041907
1001041908
1001041918
1001041926
1001041929
1001041930
1001041932
1001041939
1001041945
1001041947
1001041950
1001041953
1001041963
1001041892
1001041901
1001042014
1001042022
1001042032
1001042034
1001042038
1001042041
1001042044
1001042046
1001042058
1001042065
1001042071
1001042079
1001042088
1001042080
1001042097
1001042099
1001042106
1001042107
1001042117
1001042118
1001042123
1001042125
1001042128
1001042131
1001042132
1001042135
1001042152
1001042153
1001042154
1001042158
1001042161
1001042167
1001042179
1001042184
1001042186
1001042187
1001042189
1001042192
1001042194
1001042196
1001042204
1001042114
1001042138
1001042247
1001042252
1001042253
1001042262
1001042264
1001042265
1001042269
1001042272
1001042273
1001042275
1001042276
1001042278
1001042279
1001042280
1001042283
1001042286
1001042288
1001042289
1001042291
1001042293
1001042299
1001042300
1001042306
1001042308
1001042309
1001042310
1001042311
1001042313
1001042316
1001042318
1001042321
1001042325
1001042327
1001042329
1001042332
1001042333
1001042334
1001042336
1001042338
1001042342
1001042390
1001042391
1001042394
1001042396
1001042397
1001042400
1001042401
1001042403
1001042406
1001042407
1001042408
1001042409
1001042412
1001042413
1001042415
1001042416
1001042417
1001042418
1001042420
1001042423
1001042424
1001042425
1001042428
1001042429
1001042430
1001042435
1001042386
1001042422
1001042432
1001042433
1001042436
1001042438
1001042439
1001042440
1001042441
1001042442
1001043094
1001043559
1001043848
1001044368
1001044396
1001044543
1001044715
1001044626
1001044874
1001044876
1001045010
1001045100
1001045443
1001045445
1001045446
1001045448
1001045449
1001045457
1001045458
1001045461
1001045462
1001045464
1001045467
1001045472
1001045482
1001045512
1001045479
1001045480
1001045481
1001045483
1001045490
1001045655
1001046046
1001046073
1001046079
1001046079
1001046080
1001046083
1001046187
1001046219
1001046223
1001046123
1001046166
1001046170
1001046218
1001046426
1001046436
1001046438
1001046476
1001046483
1001046486
1001046490
1001046501
1001046505
1001046522
1001046526
1001046531
1001046401
1001046402
1001046407
1001046420
1001046436
1001046440
1001046452
1001046496
1001046532
1001046556
1001046581
1001046582
1001046583
1001046583
1001046606
1001046607
1001046645
1001046654
1001046654
1001046614
1001046615
1001046618
1001046640
1001046646
1001046649
1001046660
1001046678
1001046691
1001046703
1001046728
1001046747
1001046757
1001046762
1001046806
1001046807
1001046820
1001046829
1001046829
1001046829
1001046829
1001046829
1001046829
1001046829
1001046829
1001046833
1001046837
1001046839
1001046848
1001046858
1001046868
1001046774
1001046774
1001046774
1001046775
1001046782
1001046801
1001046807
1001046813
1001046821
1001046821
1001046821
1001046823
1001046828
1001046829
1001046838
1001046845
1001046855
1001046929
1001046935
1001046948
1001046883
1001046890
1001046891
1001046903
1001046910
1001046912
1001046932
1001046937
1001046960
1001046990
1001047001
1001047053
1001047073
1001047112
1001047113
1001047114
1001047031
1001047031
1001047031
1001047040
1001047040
1001047049
1001047072
1001047075
1001047085
1001047093
1001047094
1001047096
1001047199
1001047216
1001047218
1001047251
1001047256
1001047123
1001047127
1001047129
1001047129
1001047134
1001047134
1001047155
1001047156
1001047168
1001047177
1001047184
1001047186
1001047221
1001047245
1001047259
1001047262
1001047267
1001047268
1001047289
1001047289
1001047292
1001047299
1001047311
1001047318
1001047321
1001047328
1001047334
1001047335
1001047338
1001047339
1001047345
1001047346
1001047348
1001047352
1001047353
1001047360
1001047366
1001047367
1001047367
1001047371
1001047374
1001047374
1001047387
1001047397
1001047402
1001047406
1001047406
1001047407
1001047421
1001047423
1001047441
1001047442
1001047450
1001047462
1001047468
1001047473
1001047482
1001047483
1001047500
1001047508
1001047433
1001047435
1001047449
1001047450
1001047450
1001047451
1001047453
1001047453
1001047453
1001047461
1001047466
1001047470
1001047484
1001047504
1001047510
1001047511
1001047513
1001047550
1001047553
1001047559
1001047560
1001047572
1001047577
1001047591
1001047599
1001047627
1001047634
1001047644
1001047646
1001047653
1001047660
1001047661
1001047573
1001047590
1001047610
1001047664
1001047665
1001047724
1001047731
1001047740
1001047793
1001047704
1001047735
1001047768
1001047773
1001047775
1001047794
1001047794
1001047896
1001047897
1001047955
1001047964
1001047965
1001047971
1001047798
1001047800
1001047802
1001047831
1001047842
1001047843
1001047873
1001047874
1001047874
1001047878
1001047894
1001047894
1001047905
1001047906
1001047907
1001047911
1001047928
1001047928
1001047939
1001047939
1001047940
1001047941
1001047954
1001047961
1001047971
1001047971
1001047971
1001047971
1001047976
1001047988
1001048065
1001048090
1001048093
1001048111
1001048118
1001048137
1001048148
1001048149
1001048151
1001048157
1001048181
1001048188
1001048189
1001048196
1001047992
1001047996
1001047999
1001047999
1001048001
1001048001
1001048003
1001048004
1001048004
1001048004
1001048004
1001048008
1001048008
1001048008
1001048010
1001048016
1001048018
1001048025
1001048026
1001048032
1001048032
1001048032
1001048034
1001048038
1001048038
1001048039
1001048039
1001048047
1001048049
1001048057
1001048058
1001048059
1001048064
1001048073
1001048078
1001048086
1001048088
1001048088
1001048088
1001048089
1001048092
1001048092
1001048092
1001048094
1001048100
1001048100
1001048104
1001048112
1001048113
1001048116
1001048128
1001048131
1001048132
1001048135
1001048138
1001048141
1001048146
1001048150
1001048152
1001048152
1001048153
1001048155
1001048155
1001048159
1001048175
1001048183
1001048187
1001048187
1001048190
1001048200
1001048203
1001048284
1001048306
1001048307
1001048324
1001048337
1001048339
1001048344
1001048357
1001048380
1001048384
1001048390
1001048394
1001048396
1001048397
1001048402
1001048417
1001048419
1001048199
1001048204
1001048206
1001048215
1001048220
1001048227
1001048229
1001048231
1001048239
1001048239
1001048243
1001048249
1001048253
1001048253
1001048272
1001048273
1001048276
1001048276
1001048277
1001048279
1001048279
1001048279
1001048279
1001048284
1001048284
1001048285
1001048286
1001048294
1001048300
1001048300
1001048305
1001048309
1001048324
1001048325
1001048330
1001048334
1001048336
1001048336
1001048336
1001048340
1001048343
1001048345
1001048345
1001048345
1001048345
1001048348
1001048348
1001048348
1001048352
1001048356
1001048356
1001048356
1001048362
1001048364
1001048365
1001048365
1001048365
1001048367
1001048370
1001048375
1001048376
1001048380
1001048380
1001048382
1001048385
1001048385
1001048386
1001048391
1001048391
1001048391
1001048394
1001048394
1001048395
1001048398
1001048398
1001048398
1001048398
1001048404
1001048404
1001048404
1001048404
1001048409
1001048411
1001048412
1001048412
1001048416
1001048427
1001048431
1001048433
1001048437
1001048439
1001048445
1001048449
1001048450
1001048454
1001048461
1001048464
1001048465
1001048476
1001048484
1001048486
1001048488
1001048493
1001048494
1001048502
1001048505
1001048507
1001048511
1001048512
1001048517
1001048519
1001048523
1001048524
1001048527
1001048531
1001048534
1001048535
1001048540
1001048542
1001048545
1001048547
1001048549
1001048550
1001048555
1001048559
1001048560
1001048564
1001048567
1001048568
1001048570
1001048571
1001048574
1001048575
1001048579
1001048582
1001048583
1001048586
1001048442
1001048444
1001048456
1001048462
1001048463
1001048491
1001048495
1001048504
1001048507
1001048513
1001048524
1001048524
1001048524
1001048524
1001048529
1001048531
1001048532
1001048532
1001048547
1001048559
1001048566
1001048570
1001048574
1001048574
1001048586
1001048619
1001048621
1001048622
1001048624
1001048625
1001048626
1001048628
1001048630
1001048631
1001048632
1001048640
1001048644
1001048646
1001048647
1001048653
1001048655
1001048658
1001048663
1001048665
1001048668
1001048670
1001048671
1001048674
1001048676
1001048681
1001048682
1001048685
1001048688
1001048689
1001048693
1001048699
1001048700
1001048701
1001048702
1001048703
1001048706
1001048716
1001048758
1001048786
1001048810
1001048813
1001049499
1001049569
1001049618
1001049673
1001049761
1001049763
1001049765
1001049869
1001049926
1001049932
1001049938
1001050051
1001050064
1001050188
1001050197
1001050222
1001050390
1001050492
1001050597
1001050606
1001050678
1001050681
1001050716
1001050824
1001051110
1001051269
1001051491
1001052550
1001052586
1001052594
1001052595
1001052615
1001052539
1001052683
1001052697
1001052698
1001052700
1001052737
1001052683
1001052697
1001052765
1001052813
1001052814
1001052815
1001052816
1001052817
1001052819
1001052820
1001052819
1001052993
1001053014
1001053069
1001053071
1001053103
1001053107
1001053111
1001053111
1001053167
1001053174
1001053197
1001053200
1001053239
1001053359
1001053493
1001053537
1001053552
1001053554
1001053557
1001053558
1001053566
1001053585
1001053589
1001053592
1001053653
1001053585
1001053592
1001053721
1001053757
1001053841
1001053842
1001053872
1001053876
1001054000
1001054003
1001054011
1001054017
1001054019
1001054021
1001054017
1001054088
1001054090
1001054097
1001054113
1001054114
1001054129
1001054171
1001054227
1001054228
1001054242
1001054243
1001054256
1001054287
1001054324
1001054325
1001054327
1001054372
1001054373
1001054395
1001054403
1001054436
1001054441
1001054499
1001054514
1001054529
1001054640
1001054642
1001054643
1001054688
1001054712
1001054713
1001054726
1001054771
1001054900
1001054999
1001055018
1001055019
1001055147
1001055053
1001055221
1001055239
1001055244
1001055263
1001055166
1001055323
1001055377
1001055378
1001055381
1001055382
1001055403
1001055415
1001055518
1001055519
1001055520
1001055521
1001055522
1001055518
1001055519
1001055543
1001055656
1001055658
1001055668
1001055658
1001055658
1001055668
1001055716
1001055731
1001055733
1001055868
1001055876
1001055906
1001055908
1001055912
1001055984
1001055998
1001056018
1001056039
1001056041
1001056041
1001056114
1001056277
1001056329
1001056332
1001056501
1001056507
1001056509
1001056380
1001056509
1001056513
1001056645
1001056658
1001056676
1001056553
1001056789
1001056791
1001056793
1001056841
1001056867
1001056975
1001056983
1001057004
1001057044
1001057045
1001057362
1001057387
1001057407
1001057419
1001057507
1001057552
1001057716
1001057717
1001057724
1001057728
1001057732
1001057733
1001057792
1001057797
1001057824
1001057885
1001057889
1001057893
1001057898
1001057889
1001057956
1001057988
1001057997
1001058006
1001058011
1001058174
1001058189
1001058174
1001058174
1001058209
1001058214
1001058233
1001058238
1001058214
1001058214
1001058458
1001058462
1001058404
1001058462
1001058488
1001058491
1001058496
1001058504
1001058510
1001058511
1001058512
1001058575
1001058584
1001058496
1001058504
1001058504
1001058575
1001058584
1001058584
1001058683
1001058598
1001058598
1001058683
1001058683
1001058683
1001058759
1001058770
1001058774
1001058827
1001058832
1001058835
1001058827
1001058845
1001058846
1001058849
1001058849
1001058856
1001058858
1001058872
1001058876
1001058877
1001058895
1001058901
1001058914
1001058846
1001058846
1001058846
1001058849
1001058849
1001058856
1001058858
1001058872
1001058872
1001058914
1001058914
1001058968
1001058973
1001058973
1001058977
1001058978
1001058981
1001058982
1001058991
1001058994
1001058998
1001059002
1001059006
1001059020
1001058973
1001059065
1001059066
1001059073
1001059078
1001059079
1001059104
1001059111
1001059120
1001059121
1001059126
1001059129
1001059136
1001059143
1001059163
1001059164
1001059176
1001059078
1001059136
1001059164
1001059222
1001059223
1001059234
1001059237
1001059240
1001059245
1001059246
1001059248
1001059251
1001059252
1001059259
1001059268
1001059269
1001059274
1001059275
1001059278
1001059284
1001059292
1001059294
1001059295
1001059234
1001059252
1001059274
1001059362
1001059365
1001059366
1001059368
1001059373
1001059374
1001059377
1001059379
1001059385
1001059386
1001059397
1001059399
1001059402
1001059406
1001059408
1001059409
1001059415
1001059417
1001059433
1001059440
1001059440
1001059441
1001059446
1001059453
1001059454
1001059458
1001059460
1001059344
1001059360
1001059362
1001059406
1001059408
1001059440
1001059440
1001059504
1001059505
1001059514
1001059526
1001059530
1001059531
1001059532
1001059536
1001059537
1001059538
1001059548
1001059549
1001059556
1001059556
1001059559
1001059560
1001059565
1001059567
1001059571
1001059572
1001059573
1001059577
1001059578
1001059583
1001059588
1001059590
1001059591
1001059592
1001059599
1001059600
1001059608
1001059614
1001059615
1001059504
1001059504
1001059504
1001059532
1001059536
1001059536
1001059536
1001059559
1001059559
1001059559
1001059590
1001059591
1001059670
1001059671
1001059673
1001059677
1001059681
1001059683
1001059687
1001059688
1001059689
1001059692
1001059694
1001059697
1001059718
1001059722
1001059723
1001059725
1001059726
1001059727
1001059733
1001059734
1001059740
1001059748
1001059750
1001059752
1001059757
1001059758
1001059759
1001059762
1001059763
1001059764
1001059769
1001059771
1001059775
1001059778
1001059780
1001059781
1001059783
1001060212
1001060464
1001061077
1001061347
1001061357
1001061357
1001062023
1001062582
1001062751
1001062752
1001062773
1001062912
1001062921
1001063218
1001063222
1001063531
1001063570
1001063531
1001063637
1001063637
1001063656
1001063665
1001063707
1001063629
1001063773
1001063800
1001063837
1001063726
1001063726
1001063800
1001063830
1001063830
1001064170
1001064174
1001064261
1001064306
1001064621
1001064641
1001064669
1001064670
1001064698
1001064732
1001064733
1001065207
1001065207
1001065207
1001065391
1001065395
1001065400
1001065413
1001065417
1001065425
1001065428
1001065433
1001065481
1001065491
1001065519
1001065535
1001065538
1001065543
1001065559
1001065564
1001065576
1001065628
1001065640
1001065710
1001065716
1001065722
1001065725
1001065732
1001065734
1001065745
1001065763
1001065764
1001065768
1001065771
1001065778
1001065799
1001065821
1001065826
1001065830
1001065844
1001065845
1001065848
1001065753
1001065764
1001065780
1001065799
1001065799
1001065904
1001065908
1001065913
1001065923
1001065924
1001065932
1001065934
1001065944
1001065945
1001065955
1001065956
1001065961
1001065989
1001065994
1001066006
1001066027
1001066049
1001066058
1001066067
1001066075
1001065932
1001065932
1001065939
1001065996
1001065996
1001066009
1001066009
1001066072
1001066072
1001066075
1001066075
1001066142
1001066155
1001066159
1001066163
1001066170
1001066178
1001066182
1001066198
1001066201
1001066203
1001066216
1001066218
1001066223
1001066224
1001066225
1001066229
1001066231
1001066238
1001066242
1001066243
1001066251
1001066257
1001066261
1001066273
1001066274
1001066275
1001066277
1001066288
1001066296
1001066297
1001066298
1001066303
1001066305
1001066316
1001066318
1001066319
1001066322
1001066323
1001066324
1001066328
1001066346
1001066349
1001066171
1001066171
1001066201
1001066261
1001066274
1001066323
1001066324
1001066328
1001066334
1001066388
1001066396
1001066411
1001066416
1001066418
1001066447
1001066448
1001066452
1001066458
1001066466
1001066482
1001066488
1001066492
1001066493
1001066496
1001066497
1001066499
1001066383
1001066395
1001066411
1001066412
1001066418
1001066425
1001066431
1001066436
1001066455
1001066458
1001066458
1001066492
1001066549
1001066554
1001066555
1001066556
1001066563
1001066564
1001066570
1001066572
1001066575
1001066578
1001066585
1001066588
1001066591
1001066594
1001066600
1001066607
1001066613
1001066617
1001066619
1001066620
1001066622
1001066628
1001066655
1001066668
1001066670
1001066672
1001066549
1001066594
1001066726
1001066729
1001066731
1001066735
1001066737
1001066743
1001066744
1001066746
1001066754
1001066759
1001066765
1001066769
1001066775
1001066776
1001066780
1001066791
1001066793
1001066801
1001066809
1001066810
1001066711
1001066726
1001066743
1001066746
1001066746
1001066759
1001066761
1001066769
1001066872
1001066874
1001066875
1001066876
1001066880
1001066883
1001066887
1001066895
1001066899
1001066904
1001066905
1001066913
1001066915
1001066917
1001066921
1001066923
1001066926
1001066929
1001066933
1001066938
1001066941
1001066943
1001066946
1001066947
1001066948
1001066949
1001066952
1001066953
1001066954
1001066955
1001066957
1001066959
1001066960
1001066962
1001066973
1001066974
1001066847
1001066853
1001066899
1001066911
1001066948
1001066952
1001066953
1001067046
1001067047
1001067048
1001067050
1001067052
1001067053
1001067058
1001067063
1001067065
1001067066
1001067068
1001067070
1001067074
1001067076
1001067078
1001067079
1001067080
1001067082
1001067086
1001067089
1001067091
1001067092
1001067093
1001067094
1001067096
1001067099
1001067100
1001067101
1001067105
1001067106
1001067107
1001067108
1001067110
1001067115
1001067116
1001067117
1001067119
1001067120
1001067121
1001067123
1001067125
1001067127
1001067128
1001067129
1001067004
1001067058
1001067059
1001067066
1001067068
1001067086
1001067096
1001067117
1001067121
1001067127
1001067128
1001067129
1001067178
1001067185
1001067189
1001067195
1001067196
1001067197
1001067198
1001067202
1001067203
1001067204
1001067205
1001067207
1001067211
1001067212
1001067214
1001067216
1001067221
1001067222
1001067224
1001067225
1001067227
1001067229
1001067231
1001067233
1001067234
1001067236
1001067239
1001067240
1001067241
1001067244
1001067245
1001067248
1001067251
1001067252
1001067254
1001067256
1001067257
1001067259
1001067260
1001067261
1001067263
1001067264
1001067265
1001067267
1001067270
1001067272
1001067273
1001067277
1001067281
1001067282
1001067285
1001067287
1001067291
1001067296
1001067196
1001067215
1001067233
1001067244
1001067244
1001067244
1001067272
1001067272
1001067281
1001067297
1001067301
1001067303
1001067307
1001067309
1001067310
1001067311
1001067314
1001067316
1001067318
1001067319
1001067319
1001067320
1001067322
1001067324
1001067329
1001067329
1001067331
1001067338
1001067350
1001067353
1001067359
1001067361
1001067362
1001067363
1001067366
1001067367
1001067369
1001067372
1001067379
1001067380
1001067383
1001067384
1001067386
1001067388
1001067390
1001067391
1001067396
1001067398
1001067399
1001067400
1001067401
1001067402
1001067404
1001067405
1001067409
1001067413
1001067414
1001067416
1001067418
1001067420
1001067423
1001067424
1001067427
1001067427
1001067428
1001067429
1001067431
1001067432
1001067435
1001067438
1001067439
1001067441
1001067442
1001067443
1001067445
1001067448
1001067449
1001067450
1001067452
1001067454
1001067455
1001067458
1001067459
1001067461
1001067513
1001067516
1001067521
1001067522
1001067525
1001067526
1001067527
1001067528
1001067529
1001067530
1001067532
1001067535
1001067538
1001067541
1001067544
1001067547
1001067550
1001067556
1001067557
1001067559
1001067561
1001067564
1001067566
1001067568
1001067586
1001067587
1001067589
1001067590
1001067592
1001067599
1001067601
1001067608
1001067610
1001067611
1001067612
1001067613
1001067619
1001067620
1001067621
1001067624
1001067625
1001067627
1001067628
1001067632
1001067633
1001067638
1001067642
1001067645
1001067646
1001067650
1001067652
1001067653
1001067658
1001067662
1001067663
1001067666
1001067596
1001067613
1001067737
1001067738
1001067740
1001067742
1001067750
1001067751
1001067752
1001067754
1001067755
1001067757
1001067758
1001067759
1001067760
1001067766
1001067767
1001067768
1001067769
1001067770
1001067772
1001067774
1001067776
1001067778
1001067780
1001067783
1001067786
1001067788
1001067791
1001067793
1001067795
1001067799
1001067801
1001067802
1001067806
1001067812
1001067818
1001067820
1001067830
1001067833
1001067834
1001067838
1001067840
1001067851
1001067854
1001067855
1001067860
1001067866
1001067866
1001067869
1001067871
1001067875
1001067877
1001067883
1001067884
1001067886
1001067891
1001067892
1001067894
1001067896
1001067901
1001067902
1001067905
1001067907
1001067908
1001067750
1001067750
1001067750
1001067751
1001067799
1001067812
1001067812
1001067892
1001067903
1001067904
1001067904
1001067952
1001067954
1001067958
1001067962
1001067963
1001067964
1001067965
1001067968
1001067969
1001067970
1001067976
1001067981
1001067986
1001067989
1001067991
1001067993
1001067996
1001067997
1001067999
1001068000
1001068001
1001068001
1001068002
1001068004
1001068006
1001068008
1001068012
1001068017
1001068020
1001068021
1001068026
1001067968
1001067969
1001067970
1001068012
1001068020
1001068078
1001068079
1001068080
1001068081
1001068083
1001068088
1001068089
1001068096
1001068100
1001068101
1001068103
1001068104
1001068106
1001068107
1001068109
1001068110
1001068112
1001068113
1001068117
1001068118
1001068118
1001068120
1001068121
1001068124
1001068126
1001068127
1001068137
1001068142
1001068143
1001068100
1001068121
1001068187
1001068188
1001068194
1001068199
1001068204
1001068205
1001068209
1001068211
1001068212
1001068213
1001068221
1001068222
1001068227
1001068229
1001068230
1001068231
1001068238
1001068239
1001068240
1001068241
1001068247
1001068250
1001068251
1001068253
1001068254
1001068257
1001068258
1001068259
1001068260
1001068262
1001068263
1001068265
1001068269
1001068271
1001068272
1001068277
1001068278
1001068281
1001068282
1001068283
1001068286
1001068287
1001068289
1001068292
1001068199
1001068209
1001068248
1001068251
1001068254
1001068257
1001068257
1001068278
1001068292
1001068339
1001068340
1001068343
1001068348
1001068350
1001068354
1001068355
1001068357
1001068359
1001068360
1001068361
1001068363
1001068365
1001068369
1001068370
1001068374
1001068375
1001068379
1001068380
1001068386
1001068387
1001068389
1001068390
1001068391
1001068393
1001068394
1001068396
1001068402
1001068405
1001068408
1001068411
1001068414
1001068417
1001068419
1001068425
1001068426
1001068434
1001068437
1001068438
1001068440
1001068441
1001068444
1001068446
1001068450
1001068451
1001068453
1001068455
1001068458
1001068458
1001068460
1001068464
1001068465
1001068343
1001068357
1001068357
1001068359
1001068390
1001068390
1001068512
1001068514
1001068515
1001068517
1001068520
1001068521
1001068522
1001068523
1001068525
1001068529
1001068531
1001068538
1001068539
1001068540
1001068541
1001068544
1001068546
1001068548
1001068550
1001068551
1001068552
1001068554
1001068555
1001068556
1001068557
1001068560
1001068562
1001068564
1001068568
1001068579
1001068585
1001068586
1001068586
1001068587
1001068589
1001068593
1001068594
1001068596
1001068599
1001068603
1001068608
1001068612
1001068615
1001068617
1001068618
1001068621
1001068624
1001068626
1001068628
1001068633
1001068636
1001068637
1001068515
1001068522
1001068551
1001068587
1001068686
1001068690
1001068691
1001068695
1001068697
1001068698
1001068700
1001068705
1001068706
1001068708
1001068709
1001068710
1001068711
1001068714
1001068715
1001068719
1001068721
1001068722
1001068723
1001068724
1001068726
1001068727
1001068730
1001068732
1001068734
1001068736
1001068737
1001068739
1001068741
1001068744
1001068745
1001068746
1001068747
1001068749
1001068753
1001068753
1001068755
1001068756
1001068757
1001068758
1001068763
1001068765
1001068766
1001068767
1001068770
1001068772
1001068776
1001068777
1001068779
1001068780
1001068782
1001068783
1001068784
1001068785
1001068786
1001068787
1001068789
1001068790
1001068794
1001068795
1001068796
1001068797
1001068801
1001068802
1001068805
1001068806
1001068780
1001068854
1001068856
1001068858
1001068860
1001068861
1001068863
1001068864
1001068865
1001068868
1001068871
1001068873
1001068875
1001068879
1001068880
1001068882
1001068883
1001068886
1001068889
1001068894
1001068895
1001068899
1001068900
1001068901
1001068902
1001068903
1001068907
1001068912
1001068914
1001068917
1001068918
1001068921
1001068925
1001068927
1001068928
1001068930
1001068933
1001068934
1001068935
1001068936
1001068937
1001068938
1001068942
1001068945
1001068949
1001068950
1001068952
1001068954
1001068955
1001068957
1001068960
1001068964
1001068965
1001068967
1001068974
1001068975
1001068976
1001068977
1001068873
1001068873
1001068873
1001068902
1001068937
1001068942
1001068980
1001068981
1001068983
1001068983
1001068985
1001068987
1001068988
1001068992
1001068994
1001068996
1001068998
1001069003
1001069004
1001069005
1001069006
1001069011
1001069012
1001069014
1001069015
1001069019
1001069019
1001069023
1001069024
1001069027
1001069028
1001069029
1001069031
1001069033
1001069034
1001069035
1001069038
1001069043
1001069046
1001069048
1001069049
1001069050
1001069054
1001069056
1001069061
1001069065
1001069072
1001069073
1001069075
1001069076
1001069082
1001069084
1001068992
1001069014
1001069065
1001069135
1001069143
1001069145
1001069149
1001069150
1001069151
1001069157
1001069158
1001069160
1001069162
1001069163
1001069164
1001069170
1001069175
1001069176
1001069182
1001069188
1001069189
1001069191
1001069198
1001069149
1001069149
1001069157
1001069254
1001069276
1001069279
1001069280
1001069294
1001069317
1001069321
1001069323
1001069327
1001069328
1001069330
1001069344
1001069351
1001069359
1001069361
1001069364
1001069365
1001069370
1001069371
1001069375
1001069383
1001069384
1001069389
1001069395
1001069254
1001069317
1001069328
1001069394
1001069413
1001069415
1001069422
1001069453
1001069460
1001069473
1001069475
1001069490
1001069513
1001069523
1001069559
1001069578
1001069581
1001069584
1001069615
1001069627
1001069633
1001069643
1001069651
1001069669
1001069707
1001069711
1001069747
1001069759
1001069799
1001069804
1001069820
1001069875
1001069876
1001069879
1001069892
1001069918
1001069919
1001069931
1001069942
1001069959
1001069983
1001069993
1001069993
1001070001
1001070005
1001070006
1001070026
1001070043
1001070058
1001070068
1001070077
1001070088
1001070099
1001070101
1001069415
1001069521
1001069530
1001069581
1001069633
1001069757
1001070101
1001070139
1001070151
1001070167
1001070168
1001070192
1001070202
1001070204
1001070213
1001070228
1001070235
1001070237
1001070168
1001070237
1001070289
1001070300
1001072056
1001071939
1001072178
1001073018
1001073039
1001073044
1001073410
1001073433
1001074060
1001074125
1001074266
1001074154
1001074154
1001074176
1001074241
1001074282
1001074438
1001074439
1001074649
1001075958
1001076118
1001076122
1001076123
1001076124
1001076125
1001076128
1001076130
1001076140
1001076141
1001076142
1001076143
1001076144
1001076145
1001076147
1001076178
1001076190
1001076226
1001076751
1001077509
1001077908
1001078005
1001078016
1001078022
1001078053
1001078074
1001077811
1001078133
1001078137
1001078138
1001078138
1001078140
1001078141
1001078142
1001078144
1001078144
1001078160
1001078186
1001078187
1001078188
1001078191
1001078265
1001078268
1001078269
1001078279
1001078280
1001078281
1001078292
1001078295
1001078304
1001078314
1001078324
1001078325
1001078332
1001078334
1001078370
1001078377
1001078381
1001078385
1001078386
1001078388
1001078395
1001078403
1001078413
1001078417
1001078419
1001078433
1001078434
1001078438
1001078442
1001078473
1001078482
1001078385
1001078537
1001078538
1001078609
1001078616
1001078630
1001078640
1001078647
1001078684
1001078691
1001078697
1001078698
1001078708
1001078713
1001078714
1001078716
fr16112800
1001078720
1001078726
1001078734
1001078738
1001078743
1001078746
1001078747
1001078758
1001078799
1001078801
1001078832
1001078835
1001078843
1001078845
1001078851
1001078858
1001078870
1001078872
1001078889
1001078890
1001078801
1001078925
1001078929
1001078936
1001078937
1001078941
1001078944
1001078950
1001078951
1001078953
1001078954
1001078960
1001078963
1001078968
1001078970
1001078977
1001078984
1001078990
1001078995
1001078996
1001078998
1001078999
1001079001
1001079003
1001079004
1001079005
1001079006
1001079007
1001079008
1001079016
1001079019
1001079040
1001079041
1001079043
1001079045
1001079052
1001079057
1001079058
1001079063
1001079041
1001079041
1001079058
1001079058
1001079067
1001079069
1001079072
1001079084
1001079085
1001079087
1001079093
1001079096
1001079099
1001079101
1001079111
1001079116
1001079121
1001079122
1001079131
1001079136
1001079145
1001079147
1001079153
1001079158
1001079160
1001079163
1001079166
1001079168
1001079169
1001079180
1001079183
1001079184
1001079188
1001079197
1001079200
1001079239
1001079240
1001079269
1001079407
1001079473
1001079476
1001079477
1001079479
1001079480
1001079481
1001079485
1001079487
1001079490
1001079496
1001079498
1001079500
1001079485
1001079485
1001079485
1001079485
1001079485
1001079535
1001079536
1001079537
1001079538
1001079540
1001079542
1001079546
1001079547
1001079550
1001079553
1001079554
1001079555
1001079556
1001079559
1001079561
1001079563
1001079566
1001079568
1001079570
1001079572
1001079573
1001079587
1001079589
1001079596
1001079603
1001079606
1001079611
1001079612
1001079617
1001079620
1001079596
1001079628
1001079630
1001079642
1001079648
1001079651
1001079652
1001079653
1001079654
1001079841
1001079843
1001079847
1001079861
1001079865
1001079878
1001079879
1001079963
1001079966
1001079973
1001079977
1001080011
1001080067
1001080106
1001080149
1001080161
1001080162
1001080165
1001080223
1001080227
1001080231
1001080240
1001080241
1001080294
1001080361
1001080364
1001080409
1001080488
1001080489
1001080493
1001080499
1001080525
1001080529
1001080529
1001080536
1001080553
1001080561
1001080564
1001080564
1001080591
1001080564
1001080628
1001080648
1001080658
1001080658
1001080675
1001080693
1001080696
1001080711
1001080714
1001080722
1001080726
1001080737
1001080748
1001080759
1001080759
1001080759
1001080759
1001080762
1001080811
1001080816
1001080817
1001080818
1001080843
1001080979
1001082299
1001082339
