1001082817
1001082818
1001084442
1001084485
1001084485
1001084520
1001084570
1001084570
1001084756
1001084765
1001084967
1001084961
1001085125
1001085179
1001085211
1001085350
1001086163
1001086163
1001086300
1001086364
1001086487
1001086496
1001086573
1001086776
1001086860
1001086911
1001087006
1001087057
1001087204
1001087205
1001087206
1001087207
1001087208
1001087150
1001087225
1001087341
1001087419
1001087483
1001087489
1001087425
1001087719
1001087834
1001088043
1001088517
1001088555
1001088558
1001088573
1001088628
1001088628
1001088628
1001088636
1001088667
1001088676
1001088685
1001089182
1001089356
1001089661
1001089730
1001089730
1001089754
1001090046
1001090049
1001090049
1001090368
1001090713
1001090713
1001091200
1001091246
1001091288
1001091146
1001091146
1001091196
1001091202
1001091280
1001091550
1001091553
1001091553
1001091554
1001091668
1001091826
1001091799
1001091894
1001091962
1001092140
1001092153
1001092217
1001092140
1001092165
1001092189
1001092312
1001092364
1001092239
1001092244
1001092255
1001092320
1001092418
1001092462
1001092397
1001092416
1001092444
1001092535
1001092536
1001092541
1001092495
1001092515
1001092515
1001092536
1001092595
1001092596
1001092606
1001092621
1001092719
1001092740
1001092741
1001092793
1001092898
1001093033
1001093038
1001093087
1001093381
1001093376
1001093428
1001093428
1001093561
1001093802
1001093944
1001094045
1001094069
1001094170
1001094461
1001094510
1001094607
1001094549
1001094950
1001095023
1001095118
1001095118
1001095118
1001095203
1001095203
1001095273
1001096294
1001096314
1001096318
1001096335
1001096439
1001096448
1001096451
1001096478
1001096534
1001096554
1001096555
1001096570
1001096623
1001096635
1001096649
1001096650
1001096668
1001096673
1001096674
1001096601
1001096714
1001096720
1001096738
1001096729
1001096827
1001096791
1001096801
1001096809
1001096888
1001096889
1001096890
1001096913
1001096972
1001096989
1001097002
1001097012
1001097013
1001097014
1001097020
1001097052
1001097063
1001097087
1001097104
1001097105
1001097106
1001097170
1001097221
1001097224
1001097240
1001097254
1001097260
1001097261
1001097384
1001097386
1001097392
1001097362
1001097467
1001097479
1001097487
1001097532
1001097527
1001097547
1001097827
1001097895
1001097956
1001097983
1001098120
1001098324
1001098347
1001098369
1001098483
1001098510
1001098454
1001098598
1001098568
1001098568
1001098773
1001098815
1001098690
1001098789
1001098888
1001098890
1001098935
1001098872
1001099262
1001099363
1001099476
1001099481
1001099481
1001099718
1001099734
1001099918
1001099968
1001100092
1001100296
1001100337
1001100347
1001100413
1001100573
1001100711
1001100723
1001100863
1001100929
1001100945
1001100982
1001100994
1001101067
1001101247
1001101336
1001101501
1001101561
1001101566
1001101734
1001101759
1001101778
1001102052
1001102569
1001102523
1001102704
1001103356
1001103264
1001103309
1001103373
1001103732
1001103739
1001103739
1001103826
1001103835
1001104008
1001104642
1001104635
1001104856
1001104873
1001104921
1001104936
1001105111
1001105459
1001105368
1001105587
1001105636
1001105787
1001105862
1001105975
1001106012
1001106504
1001106594
1001106642
1001106597
1001106729
1001106811
1001106907
1001107102
1001107102
1001107103
1001107141
1001107179
1001107185
1001107216
1001107234
1001107322
1001107494
1001107570
1001107449
1001107798
1001107848
1001107798
1001107798
1001108022
1001108090
1001108177
1001108178
1001108189
1001108223
1001108102
1001108139
1001108483
1001108484
1001108659
1001108715
1001108732
1001108732
1001108732
1001108688
1001108860
1001108829
1001108915
1001109206
1001109281
1001109203
1001109490
1001109553
1001109571
1001109717
1001109747
1001109819
1001109907
1001109918
1001109941
1001110063
1001110066
1001110087
1001110041
1001110201
1001110203
1001110287
1001110214
1001110359
1001110378
1001110625
1001110631
1001110643
1001110648
1001111043
1001110950
1001110957
1001110964
1001111195
1001111248
1001111248
1001111255
1001111267
1001111289
1001111129
1001111133
1001111357
1001111392
1001111392
1001111461
1001111557
1001111600
1001111604
1001111604
1001111738
1001111873
1001111890
1001111897
1001112012
1001112045
1001112088
1001112187
1001112237
1001112247
1001112305
1001112357
1001112357
1001112370
1001112377
1001112530
1001112634
1001112635
1001112661
1001112677
1001112749
1001112869
1001112918
1001112931
1001113026
1001113051
1001113064
1001113083
1001113094
1001113051
1001113302
1001113484
1001113498
1001113524
1001114025
1001114025
1001114400
1001114458
1001114510
1001114582
1001114748
1001114790
1001114984
1001115053
1001115200
1001115423
1001115544
1001115584
1001115594
1001115870
1001115871
1001115880
1001116065
1001116077
1001116082
1001116085
1001116095
1001116099
1001115965
1001116084
1001116140
1001116155
1001116157
1001116168
1001116168
1001116221
1001116224
1001116224
1001116408
1001116414
1001116421
1001116421
1001116421
1001116478
1001116519
1001116539
1001116605
1001116650
1001116653
1001116658
1001116766
1001116834
1001116967
1001117040
1001117076
1001117117
1001117118
1001117128
1001117130
1001117142
1001117209
1001117209
1001117209
1001117282
1001117327
1001117458
1001117514
1001117517
1001117557
1001117558
1001117558
1001117617
1001117622
1001117609
1001117678
1001117877
1001117935
1001118036
1001118130
1001118150
1001118152
1001118173
1001118178
1001118189
1001118196
1001118328
1001118596
1001118809
1001118811
1001118974
1001119279
1001120314
1001120732
1001120804
1001120817
1001120821
1001120851
1001120852
1001120863
1001120868
1001120873
1001120886
1001120852
1001120936
1001120941
1001120954
1001120975
1001120987
1001120988
1001121032
1001121034
1001121058
1001121060
1001121064
1001121122
1001121132
1001121141
1001121143
1001121147
1001121156
1001121159
1001121160
1001121163
1001121141
1001121201
1001121203
1001121213
1001121248
1001121302
1001121307
1001121310
1001121312
1001121316
1001121319
1001121322
1001121348
1001121351
1001121355
1001121220
1001121390
1001121392
1001121459
1001121469
1001121489
1001121526
1001121528
1001121529
1001121530
1001121535
1001121543
1001121552
1001121561
1001121566
1001121569
1001121590
1001121597
1001121604
1001121620
1001121623
1001121627
1001121627
1001121689
1001121697
1001121701
1001121707
1001121716
1001121723
1001121725
1001121729
1001121741
1001121745
1001121749
1001121766
1001121775
1001121778
1001121793
1001121800
1001121683
1001121766
1001121814
1001121864
1001121888
1001121908
1001121912
1001121918
1001121942
1001121951
1001121838
1001121912
1001121912
1001121995
1001122034
1001122051
1001122085
1001122087
1001122117
1001122085
1001122190
1001122192
1001122194
1001122222
1001122223
1001122226
1001122227
1001122229
1001122231
1001122286
1001122309
1001122329
1001122344
1001122347
1001122349
1001122352
1001122413
1001122386
1001122388
1001122392
1001122400
1001122412
1001122440
1001122453
1001122455
1001122469
1001122477
1001122493
1001122412
1001122412
1001122527
1001122528
1001122530
1001122551
1001122554
1001122556
1001122565
1001122585
1001122594
1001122598
1001122609
1001122614
1001122666
1001122673
1001122683
1001122702
1001122706
1001122711
1001122732
1001122638
1001122991
1001123006
1001122980
1001123001
1001123050
1001123097
1001123112
1001123132
1001123234
1001123244
1001123261
1001123355
1001123393
1001123440
1001123397
1001123402
1001123532
1001123545
1001123561
1001123569
1001123622
1001123638
1001123645
1001123699
1001123685
1001123686
1001123688
1001123691
1001123692
1001123696
1001123700
1001123701
1001123712
1001123714
1001123718
1001123712
1001124151
1001123777
1001123778
1001123779
1001123784
1001123787
1001123788
1001123793
1001123794
1001123797
1001123800
1001123813
1001123843
1001123858
1001123859
1001123871
1001123873
1001123918
1001123921
1001123924
1001123926
1001123935
1001123939
1001123941
1001123954
1001123956
1001123959
1001123976
1001123976
1001123980
1001124251
1001124267
1001124273
1001124281
1001124287
1001124322
1001124324
1001124249
1001124320
1001124329
1001124358
1001124365
1001124414
1001124417
1001124421
1001124442
1001124452
1001124597
1001124598
1001124617
1001124639
1001124690
1001124704
1001124705
1001124751
1001124756
1001124763
1001124831
1001124842
1001124851
1001124867
1001124880
1001124889
1001124891
1001124900
1001124921
1001124889
1001124978
1001124987
1001125038
1001125042
1001125049
1001125097
1001125098
1001125099
1001125104
1001125109
1001125110
1001125122
1001125125
1001125132
1001125173
1001125275
1001125352
1001125355
1001125490
1001125605
1001125606
1001125583
1001125694
1001125700
1001125702
1001125703
1001125723
1001125731
1001125733
1001125807
1001125858
1001126266
1001126270
1001126276
1001126310
1001126385
1001126386
1001126390
1001126399
1001126431
1001126442
1001126448
1001126451
1001126452
1001126455
1001126467
1001126375
1001126532
1001126535
1001126567
1001126574
1001126575
1001126578
1001126580
1001126582
1001126583
1001126584
1001126586
1001126587
1001126588
1001126589
1001126600
1001126476
1001126643
1001126651
1001126655
1001126680
1001126690
1001126696
1001126702
1001126703
1001126716
1001126719
1001126721
1001126725
1001126737
1001126744
1001126658
1001126804
1001126805
1001126821
1001126829
1001126831
1001126832
1001126841
1001126842
1001126847
1001126881
1001126884
1001126774
1001126810
1001126922
1001126931
1001126936
1001126937
1001126942
1001126951
1001126960
1001127002
1001127007
1001127017
1001127019
1001127025
1001127029
1001126963
1001127065
1001127209
1001127215
1001127233
1001127234
1001127143
1001127238
1001127350
1001127470
1001127546
