1001176497
1001176534
1001176535
1001176536
1001176540
1001176581
1001176595
1001176607
1001176612
1001176613
1001176614
1001176661
1001176671
1001176676
1001176679
1001176683
1001176684
1001176685
1001176687
1001176729
1001176763
1001176802
1001176804
1001176843
1001176855
1001176866
1001176870
1001176872
1001176923
1001176925
1001176926
1001176930
1001176932
1001177000
1001177006
1001177031
1001177089
1001177146
1001177147
1001177148
1001177151
1001177152
1001177153
1001177154
1001177155
1001177156
1001177157
1001177158
1001177159
1001177200
1001177202
1001177204
1001177207
1001177265
1001177277
1001177278
1001177279
1001177281
1001177282
1001177283
1001177286
1001177296
1001177300
1001177328
1001177337
1001177397
1001177408
1001177446
1001177449
1001177523
1001177524
1001177527
1001177535
1001177548
1001177566
1001177567
1001177600
1001177612
1001177623
1001177629
1001177634
1001177687
1001177689
1001177690
1001177691
1001177692
1001177693
1001177694
1001177696
1001177698
1001177702
1001177708
1001177713
1001177714
1001177715
1001177722
1001177756
1001177768
1001177774
1001177775
1001177776
1001177780
1001177786
1001177807
1001177823
1001177836
1001177861
1001177881
1001177895
1001177905
1001177907
1001177909
1001177921
1001177936
1001177937
1001177942
1001177945
1001177947
1001177948
1001177949
1001177950
1001177951
1001177952
1001177953
1001177954
1001177955
1001177958
1001177959
1001177987
1001178005
1001178010
1001178011
1001178012
1001178019
1001178021
1001178023
1001178025
1001178026
1001178027
1001178028
1001178030
1001178031
1001178034
1001178077
1001178102
1001178170
1001178171
1001178172
1001178173
1001178174
1001178175
1001178178
1001178186
1001178187
1001178189
1001178190
1001178228
1001178236
1001178263
1001178316
1001178328
1001178330
1001178331
1001178411
1001178412
1001178423
1001178425
1001178428
1001178441
1001178443
1001178446
1001178448
1001178453
1001178454
1001178458
1001178461
1001178465
1001178471
1001178476
1001178481
1001178482
1001178493
1001178497
1001178499
1001178508
1001178509
1001178515
1001178522
1001178541
1001178548
1001178549
1001178551
1001178576
1001178578
1001178592
1001178593
1001178600
1001178631
1001178649
1001178654
1001178657
1001178687
1001178715
1001178716
1001178717
1001178718
1001178719
1001178720
1001178721
1001178722
1001178723
1001178724
1001178725
1001178726
1001178727
1001178729
1001178731
1001178737
1001178764
1001178793
1001178812
1001178840
1001178885
1001178897
1001178902
1001178903
1001178918
1001178925
1001178935
1001178936
1001178953
1001178978
1001179005
1001179069
1001179073
1001179080
1001179119
1001179122
1001179131
1001179135
1001179136
1001179156
1001179166
1001179169
1001179265
1001179266
1001179267
1001179268
1001179279
1001179284
1001179341
1001179347
1001179351
1001179355
1001179358
1001179360
1001179361
1001179469
1001179470
1001179476
1001179571
1001179585
1001179586
1001179652
1001179655
1001179691
1001179722
1001179725
1001179726
1001179728
1001179735
1001179745
1001179781
1001179792
1001179798
1001179800
1001179812
1001179837
1001179838
1001179863
1001179866
1001179867
1001179868
1001179869
1001179870
1001179871
1001179872
1001179873
1001179879
1001179880
1001179882
1001180009
1001180011
1001180048
1001180049
1001180052
1001180054
1001180055
1001180139
1001180143
1001180144
1001180145
1001180147
1001180166
1001180219
1001180220
1001180223
1001180225
1001180233
1001180234
1001180247
1001180307
1001180457
1001180509
1001180510
1001180512
1001180544
1001180577
1001180579
1001180590
1001180595
1001180618
1001180623
1001180634
1001180635
1001180636
1001180637
1001180638
1001180639
1001180640
1001180644
1001180646
1001180647
1001180691
1001180700
1001180719
1001180726
1001180730
1001180736
1001180753
1001180755
1001180769
1001180770
1001180772
1001180778
1001180820
1001180836
1001180837
1001180881
1001180914
1001180915
1001180916
1001180918
1001180920
1001180921
1001180922
1001180923
1001180926
1001180992
1001180994
1001180996
1001180997
1001180999
1001181000
1001181045
1001181048
1001181076
1001181146
1001181149
1001181151
1001181186
1001181230
1001181231
1001181232
1001181233
1001181234
1001181235
1001181236
1001181237
1001181238
1001181239
1001181240
1001181241
1001181242
1001181243
1001181244
1001181245
1001181246
1001181247
1001181248
1001181249
1001181250
1001181251
1001181252
1001181253
1001181254
1001181255
1001181256
1001181257
1001181258
1001181259
1001181260
1001181303
1001181355
1001181373
1001181395
1001181400
1001181401
1001181403
1001181406
1001181409
1001181526
1001181544
1001181545
1001181546
1001181644
1001181658
1001181688
1001181696
1001181699
1001181748
1001181774
1001181775
1001181776
1001181777
1001181830
1001181843
1001181844
1001181845
1001181848
1001181849
1001181869
1001181903
1001181935
1001181937
1001181999
1001182009
1001182054
1001182056
1001182057
1001182058
1001182059
1001182060
1001182061
1001182062
1001182063
1001182064
1001182065
1001182067
1001182070
1001182071
1001182073
1001182145
1001182154
1001182208
1001182237
1001182246
1001182305
1001182311
1001182315
1001182316
1001182317
1001182326
1001182327
1001182338
1001182364
1001182366
1001182402
1001182483
1001182500
1001182515
1001182545
1001182585
1001182589
1001182590
1001182591
1001182592
1001182595
1001182597
1001182598
1001182599
1001182600
1001182601
1001182602
1001182619
1001182662
1001182663
1001182664
1001182665
1001182667
1001182669
1001182670
1001182671
1001182672
1001182696
1001182751
1001182798
1001182803
1001182849
1001182856
1001182860
1001182918
1001182920
1001182922
1001182923
1001182924
1001182927
1001182987
1001182997
1001183042
1001183043
1001183044
1001183045
1001183047
1001183048
1001183049
1001183050
1001183052
1001183072
1001183085
1001183100
1001183105
1001183128
1001183185
1001183193
1001183202
1001183206
1001183207
1001183208
1001183209
1001183218
1001183225
1001183229
1001183243
1001183256
1001183270
1001183281
1001183286
1001183311
1001183328
1001183334
1001183335
1001183349
1001183352
1001183353
1001183355
1001183356
1001183421
1001183422
1001183426
1001183427
1001183428
1001183430
1001183484
1001183485
1001183490
1001183493
1001183494
1001183495
1001183532
1001183545
1001183550
1001183573
1001183575
1001183576
1001183577
1001183578
1001183579
1001183583
1001183585
1001183586
1001183665
1001183714
1001183715
1001183716
1001183717
1001183772
1001183778
1001183788
1001183791
1001183793
1001183818
1001183830
1001183831
1001183832
1001183833
1001183834
1001183836
1001183837
1001183838
1001183840
1001183841
1001183843
1001183847
1001183904
1001183953
1001183954
1001183955
1001183956
1001183958
1001183959
1001183961
1001183962
1001183963
1001183964
1001183966
1001183967
1001183969
1001183974
1001183979
1001184011
1001184013
1001184036
1001184087
1001184119
1001184120
1001184121
1001184124
1001184199
1001184200
1001184204
1001184206
1001184208
1001184209
1001184210
1001184211
1001184212
1001184213
1001184218
1001184291
1001184293
1001184297
1001184298
1001184302
1001184323
1001184340
1001184364
1001184370
1001184388
1001184415
1001184435
1001184447
1001184448
1001184454
1001184455
1001184456
1001184562
1001184593
1001184596
1001184598
1001184599
1001184604
1001184627
1001184648
1001184664
1001184689
1001184727
1001184728
1001184729
1001184730
1001184731
1001184733
1001184734
1001184735
1001184736
1001184737
1001184738
1001184739
1001184771
1001184786
1001184824
1001184862
1001184871
1001184874
1001184878
1001184927
1001184951
1001185036
1001185038
1001185042
1001185073
1001185104
1001185105
1001185106
1001185109
1001185111
1001185112
1001185114
1001185115
1001185140
1001185202
1001185238
1001185263
1001185264
1001185265
1001185266
1001185267
1001185268
1001185269
1001185270
1001185271
1001185272
1001185273
1001185274
1001185275
1001185340
1001185381
1001185392
1001185395
1001185396
1001185397
1001185398
1001185403
1001185404
1001185406
1001185408
1001185411
1001185461
1001185469
1001185474
1001185491
1001185537
1001185541
1001185542
1001185543
1001185544
1001185548
1001185592
1001185593
1001185594
1001185595
1001185596
1001185597
1001185598
1001185599
1001185600
1001185601
1001185602
1001185603
1001185604
1001185605
1001185606
1001185607
1001185608
1001185609
1001185610
1001185613
1001185617
1001185618
1001185621
1001185650
1001185701
1001185705
1001185723
1001185760
1001185761
1001185762
1001185845
1001185846
1001185847
1001185849
1001185850
1001185853
1001185855
1001185931
1001185933
1001185940
1001185979
1001185999
1001186033
1001186045
1001186048
1001186049
1001186076
1001186180
1001186195
1001186197
1001186202
1001186263
1001186304
1001186311
1001186322
1001186336
1001186349
1001186513
1001186557
1001186579
1001186584
1001186597
1001186606
1001186608
1001186609
1001186619
1001186652
1001186696
1001186704
1001186855
1001186856
1001186992
1001187069
1001187071
1001187190
1001187227
1001187258
1001187295
1001187329
1001187438
1001187443
1001187446
1001187447
1001187463
1001187551
1001187552
1001187555
1001187556
1001187617
1001187620
1001187621
1001187628
1001187630
1001187631
1001187634
1001187636
1001187639
1001187643
1001187692
1001187695
1001187702
1001187714
1001187753
1001187856
1001187867
1001187872
1001187874
1001187901
1001187903
1001187904
1001187915
1001187920
1001187939
1001187981
1001188013
1001188046
1001188053
1001188085
1001188115
1001188131
1001188133
1001188161
1001188193
1001188244
1001188249
1001188277
1001188290
1001188372
1001188382
1001188388
1001188395
1001188396
1001188397
1001188400
1001188401
1001188414
1001188415
1001188422
1001188423
1001188435
1001188438
1001188441
1001188454
1001188455
1001188456
1001188457
1001188461
1001188466
1001188469
1001188475
1001188476
1001188477
1001188480
1001188485
1001188491
1001188493
1001188498
1001188511
1001188513
1001188519
1001188525
1001188535
1001188536
1001188540
1001188546
1001188555
1001188558
1001188563
1001188567
1001188570
1001188576
1001188579
1001188580
1001188581
1001188582
1001188583
1001188584
1001188585
1001188586
1001188587
1001188588
1001188589
1001188590
1001188591
1001188592
1001188593
1001188594
1001188595
1001188597
1001188598
1001188600
1001188601
1001188604
1001188605
1001188606
1001188607
1001188608
1001188609
1001188610
1001188611
1001188612
1001188613
1001188614
1001188615
1001188616
1001188617
1001188618
1001188619
1001188620
1001188621
1001188622
1001188623
1001188624
1001188625
1001188626
1001188627
1001188628
1001188629
1001188630
1001188631
1001188632
1001188634
1001188636
1001188639
1001188641
1001188646
1001188652
1001188654
1001188655
1001188657
1001188662
1001188664
1001188665
1001188669
1001188672
1001188673
1001188674
1001188675
1001188676
1001188677
1001188678
1001188679
1001188680
1001188681
1001188682
1001188683
1001188684
1001188685
1001188686
1001188689
1001188690
1001188691
1001188692
1001188697
1001188699
1001188700
1001188701
1001188702
1001188705
1001188707
1001188708
1001188710
1001188711
1001188712
1001188713
1001188714
1001188715
1001188716
1001188717
1001188718
1001188720
1001188721
1001188722
1001188723
1001188724
1001188725
1001188726
1001188727
1001188728
1001188729
1001188730
1001188731
1001188732
1001188733
1001188734
1001188735
1001188737
1001188738
1001188739
1001188740
1001188741
1001188742
1001188743
1001188746
1001188747
1001188748
1001188749
1001188750
1001188751
1001188752
1001188753
1001188754
1001188755
1001188756
1001188757
1001188759
1001188760
1001188761
1001188762
1001188763
1001188764
1001188771
1001188772
1001188776
1001188784
1001188785
1001188786
1001188788
1001188789
1001188791
1001188792
1001188794
1001188795
1001188796
1001188797
1001188798
1001188799
1001188800
1001188801
1001188802
1001188803
1001188804
1001188805
1001188806
1001188808
1001188809
1001188810
1001188811
1001188812
1001188814
1001188818
1001188820
1001188821
1001188822
1001188823
1001188824
1001188825
1001188826
1001188827
1001188828
1001188830
1001188831
1001188832
1001188833
1001188834
1001188835
1001188836
1001188837
1001188838
1001188839
1001188840
1001188841
1001188842
1001188843
1001188844
1001188845
1001188846
1001188847
1001188848
1001188849
1001188850
1001188851
1001188852
1001188854
1001188857
1001188858
1001188859
1001188860
1001188861
1001188862
1001188863
1001188865
1001188868
1001188870
1001188872
1001188873
1001188882
1001188886
1001188887
1001188888
1001188891
1001188893
1001188899
1001188901
1001188903
1001188904
1001188905
1001188906
1001188911
1001188913
1001188916
1001188919
1001188926
1001188927
1001188933
1001188936
1001188983
1001189145
1001189202
1001189213
1001189233
1001189289
1001189304
1001189331
1001189337
1001189342
1001189343
1001189346
1001189347
1001189348
1001189350
1001189351
1001189355
1001189365
1001189368
1001189369
1001189372
1001189376
1001189381
1001189382
1001189383
1001189384
1001189385
1001189387
1001189389
1001189397
1001189399
1001189400
1001189402
1001189412
1001189416
1001189426
1001189429
1001189446
1001189448
1001189451
1001189454
1001189460
1001189487
1001189489
1001189490
1001189499
1001189513
1001189514
1001189515
1001189519
1001189520
1001189521
1001189523
1001189524
1001189525
1001189526
1001189527
1001189528
1001189532
1001189536
1001189584
1001189585
1001189746
1001189749
1001189757
1001189764
1001189766
1001189770
1001189772
1001189789
1001189803
1001189827
1001189845
1001189885
1001189925
1001189933
1001189936
1001189997
1001189998
1001190006
1001190007
1001190012
1001190029
1001190061
1001190083
1001190084
1001190088
1001190116
1001190138
1001190148
1001190164
1001190165
1001190170
1001190175
1001190179
1001190183
1001190190
1001190198
1001190199
1001190200
1001190204
1001190206
1001190213
1001190218
1001190219
1001190222
1001190231
1001190232
1001190235
1001190236
1001190275
1001190294
1001190307
1001190324
1001190326
1001190329
1001190385
1001190386
1001190389
1001190396
1001190399
1001190410
1001190411
1001190412
1001190413
1001190415
1001190422
1001190462
1001190463
1001190466
1001190467
1001190468
1001190469
1001190471
1001190472
1001190473
1001190474
1001190475
1001190476
1001190477
1001190478
1001190479
1001190480
1001190481
1001190482
1001190483
1001190485
1001190486
1001190487
1001190488
1001190489
1001190491
1001190492
1001190493
1001190494
1001190523
1001190551
1001190590
1001190601
1001190609
1001190680
1001190701
1001190739
1001190782
1001190861
1001190866
1001190884
1001190887
1001190894
1001190934
1001190974
1001190989
1001190999
1001191006
1001191041
1001191042
1001191085
1001191102
1001191109
1001191121
1001191139
1001191154
1001191186
1001191198
1001191266
1001191330
1001191370
1001191387
1001191407
1001191437
1001191458
1001191459
1001191478
1001191486
1001191534
1001191543
1001191577
1001191651
1001191677
1001191680
1001191696
1001191720
1001191732
1001191740
1001191741
1001191809
1001191838
1001191839
1001191913
1001191937
1001191949
1001191956
1001191962
1001191966
1001191969
1001191970
1001191981
1001192008
1001192011
1001192014
1001192028
1001192029
1001192043
1001192067
1001192102
1001192105
1001192113
1001192117
1001192119
1001192127
1001192147
1001192190
1001192205
1001192216
1001192217
1001192227
1001192230
1001192259
1001192280
1001192283
1001192285
1001192291
1001192370
1001192383
1001192417
1001192423
1001192460
1001192490
1001192495
1001192523
1001192527
1001192533
1001192540
1001192541
1001192543
1001192562
1001192603
1001192606
1001192622
1001192646
1001192652
1001192664
1001192665
1001192667
1001192681
1001192706
1001192707
1001192725
1001192742
1001192773
1001192802
1001192863
1001192969
1001192973
1001192993
1001193009
1001193020
1001193133
1001193143
1001193162
1001193164
1001193165
1001193215
1001193225
1001193229
1001193334
1001193363
1001193418
1001193449
1001193453
1001193456
1001193464
1001193470
1001193474
1001193483
1001193491
1001193507
1001193521
1001193567
1001193581
1001193587
1001193589
1001193614
1001193618
1001193630
1001193638
1001193639
1001193644
1001193650
1001193652
1001193659
1001193665
1001193681
1001193687
1001193691
1001193698
1001193775
1001193776
1001193803
1001193827
1001193838
1001193840
1001193843
1001193847
1001193851
1001193856
1001193879
1001193895
1001193907
1001193911
1001193982
1001193987
1001193995
1001194034
1001194045
1001194062
1001194071
1001194072
1001194087
1001194094
1001194099
1001194103
1001194109
1001194143
1001194146
1001194190
1001194192
1001194193
1001194217
1001194221
1001194234
1001194236
1001194238
1001194242
1001194272
1001194284
1001194294
1001194297
1001194308
1001194329
1001194339
1001194349
1001194350
1001194354
1001194356
1001194387
1001194398
1001194477
1001194483
1001194516
1001194527
1001194569
1001194611
1001194643
1001194653
1001194657
1001194659
1001194676
1001194715
1001194720
1001194731
1001194732
1001194782
1001194792
1001194835
1001194875
1001194926
1001194932
1001194946
1001194961
1001194972
1001194988
1001195035
1001195098
1001195102
1001195126
1001195132
1001195133
1001195186
1001195232
1001195250
1001195263
1001195319
1001195321
1001195390
1001189381
1001189402
1001189451
1001189515
1001189536
1001189584
1001189585
1001189746
1001189749
1001189766
1001189789
1001189827
1001189381
1001189402
1001189451
1001189515
1001189536
1001189584
1001189585
1001189746
1001189749
1001189766
1001189789
1001189827
1001189885
1001190061
1001190083
1001190138
1001190148
1001190206
1001190235
1001190275
1001190491
1001190590
1001190601
1001190609
1001190680
1001190701
1001190782
1001190861
1001190934
1001190974
1001191041
1001191042
1001191085
1001191102
1001191121
1001191139
1001191154
1001191186
1001191198
1001191266
1001191387
1001191407
1001191437
1001191458
1001191478
1001191486
1001191534
1001191577
1001191651
1001191677
1001191696
1001191970
1001192008
1001192043
1001192119
1001192127
1001192190
1001192205
1001192227
1001192230
1001192280
1001192283
1001192370
1001192383
1001192460
1001192495
1001192523
1001192527
1001192540
1001192541
1001192543
1001192562
1001192603
1001192652
1001192662
1001192665
1001192666
1001192673
1001192684
1001192700
1001192706
1001192707
1001192725
1001192742
1001192756
1001192759
1001192761
1001192764
1001192773
1001192775
1001192810
1001192822
1001192863
1001192890
1001192897
1001192909
1001192930
1001192952
1001192969
1001192973
1001192984
1001192985
1001192992
1001192993
1001192995
1001193009
1001193020
1001193069
1001193073
1001193091
1001193092
1001193099
1001193124
1001193131
1001193133
1001193137
1001193139
1001193143
1001193151
1001193162
1001193163
1001193164
1001193167
1001193169
1001193185
1001193215
1001193225
1001193229
1001193239
1001193240
1001193252
1001193266
1001193338
1001193343
1001193344
1001193356
1001193358
1001193361
1001193363
1001193366
1001193402
1001193410
1001193418
1001193453
1001193456
1001193464
1001193466
1001193467
1001193470
1001193485
1001193488
1001193501
1001193507
1001193514
1001193533
1001193547
1001193558
1001193565
1001193574
1001193581
1001193584
1001193587
1001193614
1001193618
1001193630
1001193638
1001193639
1001193644
1001193645
1001193652
1001193659
1001193681
1001193690
1001193748
1001193750
1001193759
1001193803
1001193806
1001193825
1001193840
1001193841
1001193851
1001193856
1001193860
1001193877
1001193903
1001193908
1001193911
1001193916
1001193925
1001193933
1001193940
1001193949
1001193970
1001193972
1001193995
1001194002
1001194034
1001194051
1001194072
1001194087
1001194094
1001194099
1001194101
1001194111
1001194121
1001194176
1001194185
1001194190
1001194203
1001194210
1001194221
1001194234
1001194256
1001194272
1001194279
1001194286
1001194306
1001194329
1001194335
1001194350
1001194356
1001194368
1001194373
1001194377
1001194387
1001194399
1001194417
1001194452
1001194456
1001194477
1001194479
1001194483
1001194490
1001194491
1001194493
1001194498
1001194527
1001194536
1001194538
1001194569
1001194591
1001194594
1001194674
1001194715
1001194754
1001194785
1001194792
1001194805
1001194828
1001194843
1001194875
1001194901
1001194946
1001194961
1001194972
1001194988
1001195054
1001195098
1001195102
1001195113
1001195115
1001195147
1001195149
1001195160
1001195177
1001195186
1001195223
1001195232
1001195234
1001195236
1001195250
1001195258
1001195262
1001195263
1001195266
1001195268
1001195274
1001195276
1001195280
1001195281
1001195288
1001195293
1001195295
1001195302
1001195311
1001195313
1001195317
1001195359
1001195365
1001195369
1001195395
1001195427
1001195449
1001195478
1001195487
1001195516
1001195531
1001195545
1001195546
1001195547
1001195548
1001195550
1001195552
1001195553
1001195554
1001195555
1001195556
1001195558
1001195563
1001195599
1001195615
1001195633
1001195676
1001195677
1001195681
1001195695
1001195696
1001195698
1001195704
1001195715
1001195716
1001195718
1001195733
1001195738
1001195746
1001195747
1001195770
1001195773
1001195774
1001195775
1001195780
1001195782
1001195790
1001195794
1001195796
1001195798
1001195799
1001195812
1001195817
1001195825
1001195843
1001195862
1001195863
1001195871
1001195878
1001195890
1001195932
1001195939
1001195943
1001195949
1001195952
1001195990
1001196005
1001196015
1001196019
1001196037
1001196042
1001196043
1001196054
1001196080
1001196091
1001196092
1001196100
1001196122
1001196139
1001196141
1001196179
1001196180
1001196181
1001196201
1001196226
1001196248
1001196301
1001196320
1001196331
1001196359
1001196366
1001196374
1001196376
1001196378
1001196386
1001196402
1001196414
1001196419
1001196420
1001196429
1001196430
1001196433
1001196444
1001196452
1001196453
1001196459
1001196462
1001196464
1001196500
1001196520
1001196530
1001196531
1001196543
1001196562
1001196563
1001196601
1001196616
1001196623
1001196627
1001196635
1001196638
1001196659
1001196673
1001196678
1001196691
1001196696
1001196698
1001196715
1001196717
1001196731
1001196752
1001196780
1001196807
1001196819
1001196823
1001196835
1001196837
1001196842
1001196849
1001196852
1001196924
1001196939
1001196951
1001196965
1001196973
1001196987
1001196990
1001196992
1001196999
1001197012
1001197013
1001197014
1001197016
1001197017
1001197018
1001197020
1001197034
1001197041
1001197054
1001197076
1001197099
1001197107
1001197111
1001197119
1001197121
1001197127
1001197128
1001197132
1001197147
1001197156
1001197198
1001197206
1001197215
1001197225
1001197229
1001197236
1001197239
1001197243
1001197245
1001197251
1001197258
1001197260
1001197261
1001197269
1001197270
1001197278
1001197286
1001197291
1001197314
1001197319
1001197322
1001197328
1001197331
1001197334
1001197342
1001197369
1001197370
1001197384
1001197385
1001197387
1001197390
1001197392
1001197403
1001197420
1001197433
1001197473
1001197480
1001197481
1001197488
1001197491
1001197509
1001197522
1001197539
1001197540
1001197541
1001197542
1001197544
1001197546
1001197552
1001197558
1001197566
1001197575
1001197587
1001197594
1001197599
1001197631
1001197636
1001197645
1001197647
1001197649
1001197657
1001197667
1001197681
1001197683
1001197689
1001197694
1001197698
1001197700
1001197701
1001197703
1001197706
1001197709
1001197726
1001197727
1001197731
1001197700
1001197706
1001197731
1001197758
1001197758
1001197804
1001197807
1001197809
1001197813
1001197884
1001197902
1001197910
1001197912
1001197917
1001197925
1001197931
1001197946
1001197948
1001197952
1001197953
1001197959
1001197968
1001198003
1001198029
1001198034
1001198039
1001198041
1001198046
1001198047
1001198056
1001198059
1001198060
1001198061
1001198071
1001198082
1001198086
1001198087
1001198095
1001198099
1001198108
1001198110
1001198114
1001198120
1001198128
1001198143
1001198150
1001198161
1001198166
1001198190
1001198191
1001198192
1001198195
1001198197
1001198200
1001198211
1001198218
1001198222
1001198226
1001198244
1001198249
1001198268
1001198277
1001198280
1001198283
1001198291
1001198296
1001198299
1001198303
1001198382
1001198383
1001198401
1001198403
1001198418
1001198442
1001198444
1001198465
1001198507
1001198591
1001198626
1001198628
1001198656
1001198657
1001198680
1001198695
1001198715
1001198727
1001198739
1001198740
1001198777
1001198418
1001198442
1001198444
1001198465
1001198591
1001198626
1001198628
1001198656
1001198680
1001198695
1001198715
1001198727
1001198739
1001198740
1001198777
1001198799
1001198827
1001198859
1001198860
1001198875
1001198877
1001198889
1001198900
1001198910
1001198919
1001198921
1001198922
1001198932
1001198962
1001199005
1001199008
1001199032
1001199037
1001199040
1001199046
1001199050
1001199056
1001199072
1001199077
1001199092
1001199100
1001199111
1001199114
1001199127
1001199138
1001199143
1001199168
1001199170
1001199225
1001199237
1001199245
1001199251
1001199269
1001199275
1001199277
1001199295
1001199326
1001199340
1001199364
1001199391
1001199399
1001199411
1001199423
1001199424
1001199448
1001199452
1001199455
1001199458
1001199459
1001199468
1001199470
1001199477
1001199489
1001199494
1001199541
1001199553
1001199555
1001199556
1001199559
1001199569
1001199574
1001199600
1001199632
1001199678
1001199693
1001199699
1001199713
1001199715
1001199717
1001199722
1001199741
1001199750
1001199756
1001199764
1001199770
1001199779
1001199795
1001199801
1001199838
1001199900
1001199901
1001199905
1001199926
1001199936
1001199937
1001199939
1001199941
1001199943
1001199944
1001199945
1001200002
1001200014
1001200016
1001200029
1001200031
1001200035
1001200059
1001200090
1001200109
1001200123
1001200126
1001200136
1001200146
1001200151
1001200152
1001200158
1001200159
1001200169
1001200175
1001200184
1001200202
1001200204
1001200206
1001200213
1001200223
1001200244
1001200248
1001200249
1001200250
1001200279
1001200282
1001200283
1001200288
1001200290
1001200310
1001200315
1001200323
1001200324
1001200327
1001200328
1001200329
1001200342
1001200350
1001200356
1001200375
1001200378
1001200383
1001200385
1001200390
1001200393
1001200445
1001200462
1001200469
1001200472
1001200516
1001200543
1001200695
1001200769
1001200809
1001200810
1001200811
1001200813
1001200841
1001200849
1001200851
1001200853
1001200854
1001200859
1001200864
1001200869
1001200888
1001200939
1001200947
1001200948
1001200993
1001201007
1001201018
1001201034
1001201035
1001201046
1001201056
1001201061
1001201072
1001201096
1001201098
1001201106
1001201107
1001201108
1001201178
1001201191
1001201195
1001201224
1001201252
1001201266
1001201324
1001201331
1001201370
1001201379
1001201405
1001201410
1001201421
1001201432
1001201444
1001201458
1001201464
1001201518
1001201527
1001201528
1001201536
1001201546
1001201547
1001201563
1001201578
1001201580
1001201599
1001201618
1001201658
1001201677
1001201679
1001201687
1001201719
1001201720
1001201735
1001201742
1001201747
1001201750
1001201752
1001201763
1001201788
1001201803
1001201814
1001201847
1001201886
1001201894
1001201895
1001201909
1001201939
1001201947
1001201948
1001201951
1001201956
1001201957
1001201961
1001201962
1001201964
1001201975
1001201977
1001201979
1001201980
1001201987
1001201997
1001202008
1001202022
1001202031
1001202040
1001202076
1001202103
1001202104
1001202126
1001202150
1001202153
1001202154
1001202159
1001202166
1001202173
1001202203
1001202212
1001202215
1001202220
1001202221
1001202215
1001202220
1001202226
1001202235
1001202237
1001202261
1001202272
1001202279
1001202287
1001202289
1001202295
1001202299
1001202319
1001202350
1001202380
1001202398
1001202402
1001202404
1001202413
1001202416
1001202417
1001202429
1001202451
1001202453
1001202457
1001202462
1001202464
1001202465
1001202467
1001202478
1001202499
1001202554
1001202558
1001202561
1001202566
1001202580
1001202585
1001202592
1001202594
1001202603
1001202614
1001202620
1001202630
1001202636
1001202641
1001202645
1001202646
1001202659
1001202663
1001202665
1001202668
1001202676
1001202679
1001202685
1001202687
1001202701
1001202712
1001202732
1001202738
1001202742
1001202755
1001202770
1001202776
1001202783
1001202793
1001202798
1001202802
1001202805
1001202820
1001202841
1001202861
1001202862
1001202871
1001202874
1001202876
1001202881
1001202928
1001202937
1001202949
1001202952
1001202953
1001202955
1001202960
1001202962
1001202963
1001202972
1001202973
1001202976
1001202982
1001202985
1001202992
1001202996
1001202999
1001203008
1001203012
1001203013
1001203015
1001203021
1001203022
1001203029
1001203092
1001203094
1001203098
1001203109
1001203111
1001203114
1001203119
1001203122
1001203127
1001203137
1001203138
1001203141
1001203186
1001203188
1001203198
1001203203
1001203204
1001203205
1001203209
1001203232
1001203233
1001203234
1001203235
1001203236
1001203237
1001203238
1001203239
1001203240
1001203242
1001203243
1001203244
1001203245
1001203246
1001203247
1001203251
1001203258
1001203266
1001203268
1001203333
1001203342
1001203348
1001203350
1001203351
1001203361
1001203363
1001203373
1001203378
1001203391
1001203401
1001203404
1001203406
1001203410
1001203434
1001203467
1001203475
1001203476
1001203477
1001203482
1001203488
1001203489
1001203490
1001203495
1001203496
1001203498
1001203505
1001203506
1001203507
1001203511
1001203516
1001203517
1001203518
1001203527
1001203528
1001203529
1001203551
1001203571
1001203579
1001203596
1001203627
1001203629
1001203630
1001203633
1001203635
1001203646
1001203647
1001203657
1001203680
1001203684
1001203685
1001203708
1001203757
1001203769
1001203770
1001203771
1001203786
1001203794
1001203799
1001203800
1001203802
1001203803
1001203805
1001203807
1001203808
1001203809
1001203811
1001203814
1001203818
1001203819
1001203829
1001203831
1001203849
1001203882
1001203884
1001203887
1001203910
1001203916
1001203921
1001203941
1001203947
1001203992
1001203995
1001204033
1001204053
1001204058
1001204063
1001204073
1001204093
1001204104
1001204108
1001204118
1001204122
1001204127
1001204150
1001204152
1001204154
1001204156
1001204161
1001204182
1001204193
1001204225
1001204252
1001204254
1001204255
1001204256
1001204264
1001204280
1001204311
1001204328
1001204334
1001204343
1001204347
1001204350
1001204360
1001204403
1001204405
1001204415
1001204449
1001204507
1001204514
1001204543
1001204553
1001204624
1001204626
1001204633
1001204636
1001204667
1001204695
1001204727
1001204729
1001204731
1001204749
1001204760
1001204774
1001204776
1001204784
1001204788
1001204800
1001204806
1001204813
1001204815
1001204817
1001204818
1001204826
1001204827
1001204830
1001204850
1001204872
1001204876
1001204882
1001204891
1001204896
1001204929
1001204951
1001204954
1001204958
1001204999
1001205014
1001205040
1001205064
1001205078
1001205089
1001205109
1001205111
1001205119
1001205121
1001205135
1001205156
1001205157
1001205163
1001205167
1001205208
1001205210
1001205212
1001205221
1001205228
1001205235
1001205246
1001205248
1001205252
1001205254
1001205256
1001205257
1001205259
1001205272
1001205315
1001205317
1001205318
1001205320
1001205336
1001205352
1001205357
1001205367
1001205375
1001205433
1001205444
1001205448
1001205465
1001205466
1001205491
1001205538
1001205542
1001205564
1001205565
1001205595
1001205644
1001205651
1001205653
1001205659
1001205666
1001205685
1001205703
1001205708
1001205723
1001205726
1001205744
1001205805
1001205809
1001205822
1001205828
1001205834
1001205840
1001205841
1001205853
1001205878
1001205890
1001205906
1001205923
1001205932
1001205942
1001205945
1001205946
1001205947
1001205952
1001205964
1001206010
1001206023
1001206029
1001206031
1001206023
1001206049
1001206053
1001206107
1001206128
1001206178
1001206194
1001206206
1001206207
1001206211
1001206212
1001206214
1001206254
1001206262
1001206263
1001206268
1001206273
1001206279
1001206282
1001206290
1001206296
1001206309
1001206313
1001206316
1001206326
1001206327
1001206332
1001206337
1001206338
1001206339
1001206350
1001206354
1001206374
1001206379
1001206381
1001206424
1001206440
1001206450
1001206484
1001206489
1001206490
1001206572
1001206573
1001206574
1001206575
1001206590
1001206608
1001206701
1001206709
1001206777
1001206785
1001206803
1001206803
1001206830
1001206834
1001206836
1001206845
1001206887
1001206901
1001206908
1001206910
1001206916
1001206023
1001206049
1001206053
1001206107
1001206128
1001206178
1001206194
1001206206
1001206211
1001206212
1001206214
1001206309
1001206327
1001206332
1001206337
1001206338
1001206339
1001206374
1001206379
1001206381
1001206424
1001206440
1001206450
1001206489
1001206572
1001206573
1001206575
1001206590
1001206608
1001206701
1001206777
1001206785
1001206803
1001206845
1001206887
1001206901
1001206918
1001206921
1001206924
1001206928
1001206931
1001206935
1001206941
1001206942
1001206943
1001206957
1001206982
1001207027
1001207028
1001207037
1001207065
1001207082
1001207107
1001207149
1001207150
1001207167
1001207173
1001207188
1001207189
1001207192
1001207200
1001207202
1001207205
1001207212
1001207229
1001207260
1001207266
1001207285
1001207287
1001207334
1001207334
1001207400
1001207411
1001207416
1001207422
1001207423
1001207426
1001207436
1001207440
1001207448
1001207456
1001207457
1001207458
1001207460
1001207461
1001207462
1001207463
1001207464
1001207465
1001207479
1001207480
1001207482
1001207483
1001207484
1001207486
1001207487
1001207488
1001207528
1001207529
1001207530
1001207533
1001207534
1001207535
1001207539
1001207548
1001207549
1001207550
1001207554
1001207559
1001207560
1001207567
1001207568
1001207569
1001207570
1001207573
1001207574
1001207584
1001207586
1001207604
1001207605
1001207615
1001207630
1001207640
1001207645
1001207649
1001207663
1001207668
1001207670
1001207673
1001207682
1001207710
1001207739
1001207752
1001207760
1001207774
1001207785
1001207787
1001207802
1001207809
1001207817
1001207823
1001207830
1001207831
1001207843
1001207849
1001207857
1001207878
1001207886
1001207912
1001207915
1001207919
1001207923
1001207972
1001207983
1001207987
1001208009
1001208019
1001208022
1001208026
1001208043
1001208054
1001208055
1001208061
1001208063
1001208066
1001208073
1001208074
1001208083
1001208111
1001208128
1001208135
1001208137
1001208138
1001208148
1001208154
1001208195
1001208205
1001208230
1001207334
1001207400
1001207411
1001207416
1001207422
1001207423
1001207426
1001207436
1001207440
1001207448
1001207456
1001207457
1001207458
1001207460
1001207461
1001207462
1001207463
1001207464
1001207465
1001207479
1001207480
1001207482
1001207483
1001207484
1001207486
1001207487
1001207488
1001207528
1001207529
1001207530
1001207533
1001207534
1001207535
1001207539
1001207548
1001207550
1001207554
1001207560
1001207567
1001207568
1001207569
1001207573
1001207574
1001207586
1001207605
1001207615
1001207630
1001207645
1001207760
1001207774
1001207785
1001207809
1001207830
1001207831
1001207843
1001207878
1001207886
1001207912
1001208009
1001208026
1001208074
1001208135
1001208137
1001208148
1001208154
1001208349
1001208387
1001208401
1001208425
1001208431
1001208438
1001208440
1001208441
1001208444
1001208454
1001208455
1001208456
1001208463
1001208468
1001208471
1001208478
1001208498
1001208499
1001208507
1001208523
1001208529
1001208530
1001208535
1001208537
1001208549
1001208553
1001208555
1001208572
1001208578
1001208589
1001208591
1001208593
1001208597
1001208628
1001208632
1001208633
1001208636
1001208637
1001208652
1001208660
1001208661
1001208702
1001208716
1001208732
1001208737
1001208743
1001208746
1001208761
1001208765
1001208782
1001208800
1001208820
1001208821
1001208823
1001208826
1001208833
1001208838
1001208852
1001208859
1001208881
1001208882
1001208886
1001208894
1001208915
1001208922
1001208924
1001208926
1001208937
1001208939
1001208940
1001208941
1001208956
1001208958
1001208960
1001208967
1001208985
1001209006
1001209009
1001209015
1001209017
1001209037
1001209052
1001209067
1001209077
1001209086
1001209113
1001209116
1001209118
1001209129
1001209161
1001209168
1001209176
1001209179
1001209187
1001209194
1001209215
1001209221
1001209233
1001209234
1001209236
1001209247
1001209250
1001209253
1001209267
1001209272
1001209289
1001209295
1001209307
1001209310
1001209318
1001209329
1001209331
1001209334
1001209335
1001209336
1001209341
1001209342
1001209343
1001209347
1001209354
1001209362
1001209364
1001209370
1001209389
1001209402
1001209420
1001209423
1001209448
1001209451
1001209460
1001209461
1001209463
1001209498
1001209501
1001209506
1001209524
1001209541
1001209546
1001209558
1001209590
1001209591
1001209598
1001209610
1001209612
1001209615
1001209616
1001209617
1001209622
1001209626
1001209642
1001209669
1001209672
1001209680
1001209684
1001209687
1001209690
1001209702
1001209740
1001209767
1001209778
1001209848
1001209857
1001209926
1001209972
1001209978
1001209979
1001209980
1001209986
1001210001
1001210014
1001210111
1001210124
1001210129
1001210131
1001210156
1001210194
1001210242
1001210279
1001210363
1001210496
1001210515
1001210539
1001210550
1001210551
1001210553
1001210560
1001210569
1001210572
1001210581
1001210588
1001210592
1001210657
1001210672
1001210686
1001210718
1001210721
1001210722
1001210729
1001210735
1001210740
1001210743
1001210750
1001210756
1001210765
1001210767
1001210768
1001210770
1001210776
1001210781
1001210800
1001210805
1001210808
1001210812
1001210822
1001210860
1001210865
1001210885
1001210890
1001210891
1001210894
1001210895
1001210898
1001210901
1001210903
1001210907
1001210913
1001210932
1001210953
1001210960
1001210965
1001210969
1001210981
1001210997
1001211028
1001211038
1001211039
1001211051
1001211055
1001211070
1001211077
1001211084
1001211089
1001211092
1001211095
1001211102
1001211106
1001211109
1001211118
1001211120
1001211122
1001211128
1001211131
1001211140
1001211152
1001211157
1001211158
1001211160
1001211161
1001211163
1001211165
1001211182
1001211187
1001211202
1001211203
1001211205
1001211210
1001211221
1001211228
1001211236
1001211238
1001211265
1001211267
1001211268
1001211292
1001211315
1001211339
1001211361
1001211368
1001211375
1001211390
1001211427
1001211430
1001211431
1001211432
1001211435
1001211441
1001211443
1001211465
1001211499
1001211508
1001211518
1001211521
1001211535
1001211544
1001211552
1001211575
1001211588
1001211601
1001211612
1001211613
1001211618
1001211626
1001211637
1001211639
1001211641
1001211644
1001211645
1001211654
1001211659
1001211660
1001211662
1001211666
1001211667
1001211700
1001211702
1001211710
1001211711
1001211716
1001211725
1001211726
1001211727
1001211729
1001211731
1001211733
1001211734
1001211736
1001211739
1001211740
1001211742
1001211745
1001211747
1001211748
1001211749
1001211753
1001211757
1001211761
1001211763
1001211765
1001211766
1001211770
1001211773
1001211775
1001211779
1001211783
1001211785
1001211793
1001211794
1001211797
1001211798
1001211799
1001211800
1001211801
1001211803
1001211805
1001211811
1001211813
1001211817
1001211818
1001211823
1001211824
1001211825
1001211826
1001211827
1001211834
1001211836
1001211837
1001211838
1001211839
1001211843
1001211844
1001211846
1001211849
1001211850
1001211852
1001211854
1001211858
1001211860
1001211862
1001211866
1001211870
1001211871
1001211872
1001211873
1001211877
1001211883
1001211885
1001211887
1001211888
1001211889
1001211890
1001211894
1001211896
1001211897
1001211898
1001211899
1001211900
1001211902
1001211903
1001211904
1001211905
1001211909
1001211912
1001211918
1001211919
1001211920
1001211921
1001211922
1001211923
1001211924
1001211925
1001211926
1001211927
1001211930
1001211932
1001211935
1001211938
1001211939
1001211944
1001211946
1001211947
1001211949
1001211955
1001211956
1001211959
1001211964
1001211966
1001211970
1001211971
1001211972
1001211975
1001211987
1001211991
1001211992
1001211993
1001212000
1001212001
1001212002
1001212004
1001212005
1001212006
1001212009
1001212011
1001212013
1001212015
1001212018
1001212019
1001212022
1001212024
1001212026
1001212027
1001212028
1001212029
1001212030
1001212031
1001212032
1001212035
1001212039
1001212048
1001212052
1001212055
1001212057
1001212062
1001212063
1001212069
1001212070
1001212071
1001212075
1001212076
1001212077
1001212079
1001212083
1001212093
1001212100
1001212102
1001212103
1001212104
1001212107
1001212109
1001212110
1001212114
1001212115
1001212117
1001212121
1001212124
1001212131
1001212136
1001212138
1001212140
1001212143
1001212147
1001212149
1001212154
1001212155
1001212157
1001212158
1001212159
1001212160
1001212161
1001212162
1001212163
1001212164
1001212165
1001212169
1001212171
1001212172
1001212174
1001212178
1001212181
1001212182
1001212185
1001212187
1001212194
1001212195
1001212197
1001212199
1001212201
1001212204
1001212206
1001212210
1001212212
1001212214
1001212216
1001212221
1001212230
1001212233
1001212241
1001212244
1001212246
1001212247
1001212250
1001212251
1001212252
1001212253
1001212258
1001212262
1001212266
1001212268
1001212273
1001212274
1001212275
1001212279
1001212280
1001212281
1001212283
1001212286
1001212287
1001212289
1001212290
1001212291
1001212293
1001212295
1001212302
1001212308
1001212315
1001212339
1001212345
1001212351
1001212354
1001212355
1001212360
1001212365
1001212386
1001212398
1001212414
1001212435
1001212436
1001212437
1001212438
1001212439
1001212440
1001212441
1001212443
1001212444
1001212449
1001212457
1001212463
1001212466
1001212474
1001212475
1001212477
1001212480
1001212481
1001212490
1001212491
1001212512
1001212519
1001212535
1001212552
1001212553
1001212568
1001212590
1001212597
1001212602
1001212612
1001212623
1001212639
1001212646
1001212658
1001212659
1001212691
1001212696
1001212711
1001212718
1001212720
1001212723
1001212747
1001212748
1001212788
1001212808
1001212820
1001212841
1001212859
1001212861
1001212910
1001212916
1001212930
1001212933
1001212940
1001212972
1001212974
1001212976
1001213032
1001213039
1001213061
1001213069
1001213084
1001213095
1001213100
1001213107
1001213111
1001213115
1001213117
1001213119
1001213144
1001213154
1001213163
1001213165
1001213176
1001213181
1001213183
1001213190
1001213192
1001213193
1001213201
1001213208
1001213211
1001213212
1001213213
1001213225
1001213233
1001213234
1001213238
1001213251
1001213277
1001213278
1001213279
1001213280
1001213286
1001213289
1001213291
1001213299
1001213305
1001213338
1001213342
1001213371
1001213380
1001213383
1001213384
1001213386
1001213388
1001213396
1001213401
1001213405
1001213407
1001213408
1001213412
1001213413
1001213421
1001213422
1001213423
1001213425
1001213435
1001213440
1001213442
1001213454
1001213459
1001213466
1001213470
1001213471
1001213472
1001213480
1001213484
1001213487
1001213489
1001213495
1001213496
1001213497
1001213498
1001213500
1001213512
1001213516
1001213521
1001213527
1001213533
1001213541
1001213542
1001213545
1001213554
1001213584
1001213590
1001213593
1001213611
1001213613
1001213620
1001213621
1001213622
1001213627
1001213629
1001213633
1001213635
1001213637
1001213639
1001213641
1001213656
1001213659
1001213660
1001213665
1001213672
1001213673
1001213678
1001213687
1001213689
1001213690
1001213691
1001213693
1001213694
1001213695
1001213700
1001213701
1001213702
1001213707
1001213710
1001213711
1001213713
1001213716
1001213719
1001213725
1001213735
1001213742
1001213745
1001213751
1001213753
1001213754
1001213755
1001213757
1001213761
1001213769
1001213770
1001213771
1001213774
1001213777
1001213778
1001213780
1001213782
1001213783
1001213784
1001213789
1001213791
1001213792
1001213794
1001213817
1001213850
1001213851
1001213867
1001213870
1001213873
1001213874
1001213877
1001213879
1001213893
1001213897
1001213913
1001213938
1001213939
1001213941
1001213943
1001213944
1001213997
1001214004
1001214006
1001214009
1001213997
1001214004
1001214006
1001214009
1001214011
1001214012
1001214015
1001214018
1001214020
1001214021
1001214024
1001214034
1001214035
1001214038
1001214039
1001214040
1001214041
1001214043
1001214044
1001214046
1001214047
1001214053
1001214054
1001214061
1001214064
1001214068
1001214072
1001214078
1001214079
1001214080
1001214082
1001214085
1001214086
1001214087
1001214088
1001214091
1001214094
1001214098
1001214103
1001214109
1001214110
1001214111
1001214112
1001214116
1001214117
1001214120
1001214123
1001214127
1001214128
1001214129
1001214130
1001214135
1001214147
1001214152
1001214155
1001214156
1001214158
1001214160
1001214164
1001214166
1001214167
1001214168
1001214169
1001214170
1001214172
1001214174
1001214175
1001214176
1001214177
1001214178
1001214179
1001214181
1001214183
1001214185
1001214187
1001214188
1001214190
1001214192
1001214215
1001214219
