1001133059
1001133199
1001133368
1001133376
1001135783
1001137384
1001137646
1001137744
1001137835
1001137837
1001137918
1001137919
1001140747
1001143491
1001143492
1001144941
1001144961
1001144920
1001152113
1001152831
1001152856
1001154557
1001156759
1001156761
1001156771
1001156814
1001156890
1001156917
1001157240
1001157358
1001157375
1001157441
1001157455
1001157653
1001157683
1001157920
1001158011
1001158882
1001159477
1001159483
1001159493
1001159506
1001159614
1001159643
1001159646
1001159671
1001159683
1001159691
1001159899
1001159956
1001160052
1001160057
1001160059
1001159954
1001160136
1001160137
1001160147
1001160166
1001160205
1001160219
1001160220
1001160226
1001160229
1001160243
1001160296
1001160227
1001160370
1001160380
1001160413
1001160590
1001160862
1001161078
1001161160
1001161252
1001161255
1001161262
1001161570
1001161578
1001161583
1001161588
1001161592
1001161600
1001161606
1001161643
1001162069
1001162301
1001162217
1001162395
1001162634
1001162820
1001162916
1001162771
1001162895
1001162749
1001162765
1001163012
1001163039
1001163066
1001163073
1001163072
1001163048
1001163155
1001163160
1001163173
1001163200
1001163255
1001163258
1001163272
1001163426
1001163459
1001163477
1001163483
1001163615
1001163548
1001163631
1001163686
1001163834
1001163840
1001163688
1001163915
1001163916
1001163919
1001163843
1001163945
1001164179
1001164319
1001164319
1001164503
1001164516
1001164519
1001164530
1001164718
1001164704
1001164761
1001165155
1001165347
1001165572
1001165938
1001165978
1001166286
1001166731
1001166783
1001166903
1001166702
1001167218
1001167398
1001167498
1001167464
1001167694
1001167695
1001167696
1001167639
1001167646
1001167804
1001167826
1001167768
1001167856
1001167941
1001168025
1001168004
1001168110
1001168147
1001168088
1001168121
1001168127
1001168294
1001168155
1001168168
1001168177
1001168232
1001168317
1001168685
1001168727
1001168664
1001168685
1001168848
1001168873
1001169032
1001169064
1001169077
1001169066
1001169169
1001169291
1001169335
1001169362
1001169265
1001169277
1001169460
1001169462
1001169511
1001169625
1001169820
1001169899
1001169868
1001170028
1001170042
1001170121
1001170342
1001170356
1001170371
1001170393
1001170394
1001170191
1001170381
1001170377
1001170380
1001170424
1001170524
1001170537
1001170808
1001170949
1001170889
1001171603
1001171729
1001171933
1001171817
1001172544
1001172650
1001172689
1001172707
1001172982
1001173292
1001173297
1001173555
1001173573
1001173739
1001173591
1001174164
1001174270
1001174470
1001174403
1001174471
1001174540
1001174561
1001174561
1001174561
1001174563
1001174644
1001174715
1001174310
1001175042
1001174977
1001175254
1001175259
1001175283
1001175380
1001175446
1001175593
1001175413
1001175581
1001175835
1001175774
1001175866
1001175867
1001175867
1001175872
1001175873
1001175876
1001175995
1001175998
1001176021
1001176060
1001176081
1001176130
1001176182
1001176140
1001176140
1001176199
1001176222
1001176254
1001144530
1001151494
1001151510
1001151511
1001151513
1001151514
1001151515
1001151516
1001151518
1001151519
1001151520
1001151521
1001151522
1001151523
1001151524
1001151526
1001151527
1001151556
1001168457
1001168447
1001168487
1001168536
