1001553540
1001554859
1001556804
1001556893
1001557304
1001557522
1001557984
1001558595
1001559134
1001559241
1001559264
1001559446
1001559797
1001559798
1001559863
1001560064
1001560487
1001560812
1001562532
1001424124
1001424141
1001426176
1001426970
1001427335
1001430554
1001439938
1001442405
1001442543
1001442686
1001451832
1001452043
1001454382
1001455738
1001456828
1001457594
1001458098
1001458857
1001460214
1001460275
1001460359
1001460712
1001461438
1001462493
1001463187
1001466730
1001469081
1001471602
1001472206
1001472302
1001472902
1001473793
1001476169
1001479097
1001486443
1001487641
1001488168
1001490661
1001490708
1001491355
1001492696
1001493770
1001493847
1001494695
1001498309
1001498395
1001498744
1001501103
1001502367
1001503288
1001506961
1001505395
1001505436
1001507443
1001509274
1001509686
1001510493
1001508547
1001509062
1001509780
1001510311
1001510998
1001512094
1001512114
1001511594
1001511979
1001511984
1001512578
1001513616
1001513930
1001513949
1001513957
1001514042
1001514045
1001516390
1001517572
1001518008
1001519853
1001522407
1001523199
1001526518
1001526522
1001526696
1001527221
1001525744
1001527582
1001528708
1001528994
1001529069
1001529823
1001531995
1001532617
1001535005
1001536791
1001538012
1001538434
1001538935
1001540776
1001541322
1001541323
1001541324
1001542527
1001543285
1001543294
1001543375
1001543943
1001543957
1001544094
1001544105
1001544173
1001544737
1001547577
1001548084
1001549700
1001554377
1001556124
1001556126
1001564717
1001564829
1001565018
1001565055
1001565584
1001566261
1001566397
1001567104
1001567133
1001567311
1001566761
1001568269
1001570268
1001570741
1001571042
1001571404
1001571508
1001571609
1001571652
1001571969
1001571973
1001573842
1001573940
1001575208
1001575264
1001575274
1001577094
1001577979
1001575390
1001577222
1001578459
1001578468
1001578493
1001578536
1001578573
1001579384
1001579527
1001580321
1001580399
1001580540
1001580692
1001580764
1001580914
1001580897
1001580913
1001580924
1001580927
1001580928
1001581111
1001581201
1001578634
1001581421
1001581495
1001581516
1001581236
1001581446
1001581452
1001581455
1001581483
1001581484
1001581486
1001581552
1001581572
1001581780
1001581817
1001581969
1001582018
1001582037
1001582114
1001582232
1001582240
1001582316
1001582321
1001582334
1001582367
1001582423
1001582438
1001582499
1001581921
1001582254
1001582994
1001583700
1001583751
1001584078
1001582457
1001582685
1001582734
1001582738
1001582783
1001582793
1001582802
1001583017
1001583098
1001583103
1001583196
1001583219
1001583413
1001583457
1001583525
1001583640
1001583700
1001583751
1001583756
1001583759
1001583839
1001583874
1001584046
1001584047
1001584048
1001584051
1001584078
1001584238
1001584293
1001583333
1001583627
1001584263
1001584540
1001584638
1001586483
1001587164
1001587266
1001584263
1001584506
1001584515
1001584521
1001584554
1001584555
1001584560
1001584578
1001584638
1001584665
1001584672
1001584802
1001585295
1001585456
1001585953
1001586087
1001586229
1001586483
1001586501
1001586642
1001586789
1001586889
1001586975
1001586978
1001587120
1001587266
1001584524
1001585083
1001586087
1001586789
1001586821
1001587555
1001588587
1001588794
1001589774
1001590080
1001587555
1001587588
1001587790
1001587997
1001588244
1001588507
1001588535
1001588588
1001588611
1001588627
1001588794
1001588889
1001588987
1001589156
1001589411
1001589494
1001589536
1001589571
1001589664
1001589665
1001589778
1001589844
1001589907
1001589987
1001590078
1001590080
1001590082
1001590240
1001589555
1001590392
1001590573
1001591656
1001592470
1001592751
1001592999
1001593138
1001593206
1001590279
1001590392
1001590548
1001590573
1001590574
1001590585
1001590592
1001590597
1001590651
1001590657
1001590709
1001590869
1001590965
1001591176
1001591253
1001591290
1001591343
1001591367
1001591438
1001591462
1001591656
1001591679
1001591799
1001591819
1001591953
1001592331
1001592445
1001592594
1001592622
1001592767
1001592795
1001592846
1001592993
1001593001
1001593136
1001593233
1001593269
1001593461
1001594196
1001594307
1001595951
1001595961
1001593280
1001593499
1001593503
1001593533
1001593544
1001593550
1001593604
1001593617
1001593629
1001593635
1001593650
1001593671
1001593692
1001594132
1001594172
1001594275
1001594307
1001594310
1001594464
1001594465
1001594466
1001594522
1001594609
1001594752
1001594848
1001595028
1001595422
1001595779
1001595951
1001595954
1001595978
1001596074
1001596316
1001596317
1001596440
1001596490
1001596543
1001596957
1001596959
1001596960
1001597682
1001598206
1001598472
1001598918
1001599266
1001599268
1001599274
1001596118
1001596128
1001596266
1001596279
1001596284
1001596287
1001596300
1001596301
1001596308
1001596316
1001596317
1001596324
1001596368
1001596418
1001596428
1001596463
1001596472
1001596490
1001596520
1001596534
1001596543
1001596566
1001596578
1001596726
1001597090
1001597346
1001597464
1001597490
1001597491
1001597573
1001597574
1001597575
1001597682
1001597918
1001598206
1001598282
1001598286
1001598472
1001598507
1001598616
1001598670
1001599012
1001599114
1001300391
1001300671
1001599295
1001599296
1001599529
1001300494
1001300670
1001300899
1001300935
1001300951
1001300952
1001300982
1001301421
1001301898
1001301899
1001301914
1001301915
1001301808
1001301843
1001301899
1001301915
1001302132
1001302157
1001302188
1001303602
1001304552
1001301956
1001302115
1001302141
1001302143
1001302157
1001302164
1001302166
1001302172
1001302183
1001302236
1001302256
1001302302
1001302879
1001303003
1001303138
1001303501
1001303602
1001303738
1001303755
1001303788
1001303820
1001304558
1001303254
1001306718
1001306990
1001307247
1001307253
1001307441
1001307503
1001305036
1001305037
1001305062
1001305064
1001305086
1001305087
1001305103
1001305121
1001305140
1001305144
1001305186
1001306101
1001306743
1001306846
1001306918
1001306974
1001307199
1001307250
1001307257
1001307262
1001307427
1001307431
1001307441
1001307495
1001307528
1001308533
1001307783
1001307790
1001307792
1001307800
1001307810
1001307816
1001307844
1001307884
1001307899
1001307912
1001308097
1001308299
1001308347
1001308501
1001308578
1001308659
1001308763
1001309388
1001309955
1001310207
1001310460
1001310544
1001310605
1001310606
1001310679
1001310680
1001310785
1001310787
1001310795
1001310831
1001310834
1001310894
1001311884
1001312095
1001312984
1001310887
1001311110
1001311116
1001311134
1001311136
1001311156
1001311177
1001311245
1001311290
1001311292
1001311382
1001311769
1001311910
1001311937
1001312032
1001312095
1001312193
1001312503
1001312569
1001312926
1001312937
1001313024
1001313035
1001313249
1001313353
1001313515
1001313678
1001313695
1001313696
1001313726
1001313814
1001313816
1001313849
1001314064
1001314227
1001314237
1001314252
1001314272
1001314283
1001314286
1001314307
1001314365
1001314393
1001314420
1001314625
1001314657
1001314699
1001314718
1001314732
1001314772
1001314774
1001314940
1001314999
1001315011
1001315123
1001315161
1001315182
1001315230
1001315342
1001315717
1001315719
1001315738
1001315739
1001315764
1001315767
1001315799
1001315809
1001315847
1001315848
1001315913
1001315951
1001315990
1001316097
1001316122
1001316136
1001316204
1001316232
1001316342
1001316420
1001316468
1001316475
1001316552
1001316553
1001316554
1001316568
1001316600
1001316660
1001316688
1001321686
1001321716
1001324693
1001325015
1001325475
1001323950
1001324024
1001324025
1001324064
1001324183
1001324195
1001324207
1001324310
1001324313
1001324393
1001324576
1001324838
1001324964
1001325087
1001325475
1001325741
1001325894
1001326165
1001326327
1001326459
1001326492
1001326683
1001326684
1001326717
1001326783
1001326834
1001328097
1001329939
1001330144
1001326815
1001327087
1001327256
1001327257
1001327278
1001327303
1001327308
1001327341
1001327391
1001327397
1001327439
1001327898
1001328005
1001328053
1001328246
1001328345
1001328868
1001328871
1001328886
1001329083
1001329282
1001329364
1001329633
1001329938
1001329939
1001329946
1001330064
1001331075
1001330291
1001330494
1001330532
1001330653
1001330804
1001331322
1001331600
1001331707
1001331780
1001331936
1001332065
1001332203
1001332566
1001332715
1001332947
1001332948
1001333049
1001333310
1001333311
1001333363
1001333425
1001333586
1001333587
1001333590
1001333592
1001331322
1001333942
1001333659
1001333670
1001333680
1001333682
1001333683
1001333828
1001333842
1001333915
1001333921
1001333924
1001333931
1001333936
1001333942
1001333955
1001333972
1001334088
1001334156
1001334192
1001334320
1001334339
1001334388
1001334443
1001334525
1001334770
1001334904
1001334918
1001334955
1001334965
1001335058
1001333683
1001336314
1001336319
1001335219
1001335223
1001335261
1001335263
1001335270
1001335272
1001335275
1001335282
1001335310
1001335314
1001335337
1001335353
1001335522
1001335609
1001335741
1001335760
1001335858
1001335920
1001335929
1001336003
1001336033
1001336106
1001336109
1001336177
1001336191
1001336237
1001336314
1001336316
1001336348
1001336372
1001336393
1001336394
1001336395
1001336396
1001337073
1001339850
1001339855
1001336758
1001336768
1001336815
1001336983
1001337022
1001341065
1001341140
1001341141
1001341229
1001341996
1001342338
1001340407
1001342121
1001343858
1001343860
1001343968
1001345445
1001345609
1001345610
1001345926
1001346778
1001348468
1001348677
1001348929
1001349351
1001349977
1001350519
1001350834
1001350851
1001349351
1001353004
1001353004
1001353967
1001356894
1001358505
1001359621
1001362463
1001362926
1001364978
1001365716
1001365717
1001365780
1001365952
1001367087
1001365952
1001367673
1001369454
1001370101
1001370598
1001371833
1001371834
1001373334
1001373628
1001371834
1001373666
1001374278
1001376546
1001376547
1001375774
1001377150
1001378207
1001378936
1001379060
1001379449
1001379583
1001379583
1001382489
1001382569
1001382800
1001382935
1001383110
1001382935
1001383701
1001384347
1001384425
1001387342
1001386777
1001387923
1001388482
1001387745
1001392950
1001393014
1001394580
1001393014
1001394823
1001396199
1001397761
1001397906
1001395324
1001395376
1001395429
1001397917
1001398699
1001399170
1001400531
1001400545
1001398699
1001402431
1001402729
1001403354
1001404441
1001405390
1001408595
1001408601
1001408676
1001409748
1001408285
1001409649
1001410966
1001413745
1001414120
1001414381
1001414738
1001414739
1001414743
1001414845
1001415047
1001415748
1001416819
1001416894
1001417110
1001417273
1001417446
1001417912
1001421430
1001422188
1001422561
1001423456
1001423475
1001422906
1001428195
1001430438
1001431071
1001430928
1001431465
1001431823
1001432197
1001433582
1001434157
1001436622
1001436389
1001437715
1001438915
1001439760
1001440292
1001440649
1001440768
1001441757
1001442585
1001442592
1001446518
1001446557
1001446558
1001457854
1001459259
1001459398
1001459471
1001463686
1001464873
1001466814
1001466993
1001467004
1001467011
1001467651
1001468861
1001471392
1001471482
1001471727
1001472903
1001473129
1001474192
1001474518
1001474518
1001475547
1001475548
1001477345
1001478733
1001480662
1001480766
1001479935
1001482265
1001483114
1001485720
1001486330
1001487265
1001487501
1001487902
1001488193
1001487937
1001488193
1001490929
1001492184
1001494149
1001494205
1001498109
1001501111
1001502446
1001503661
1001503714
1001503731
1001503731
1001503731
1001504441
1001506011
1001506883
1001508157
1001510395
1001512381
1001512408
1001512437
1001512746
1001512758
1001513647
1001514489
1001514508
1001514784
1001514958
1001515468
1001515855
1001520657
1001518973
1001522965
1001523701
1001526045
1001528499
1001532127
1001532836
1001530135
1001536083
1001536907
1001536279
1001539414
1001539622
1001540415
1001539444
1001539539
1001540765
1001541241
1001541472
1001542025
1001542883
1001544098
1001545594
1001546219
1001547016
1001547283
1001547287
1001547289
1001547777
1001550019
1001550019
1001551100
1001551159
1001552040
1001552819
1001553533
1001551100
1001557560
1001557623
1001558107
1001558469
1001558494
1001558513
1001558735
1001557751
1001558903
1001558941
1001559022
1001559631
1001559668
1001559718
1001561173
1001562064
1001562291
1001563145
1001563685
1001565661
1001565667
1001567224
1001571599
1001573367
1001576787
1001576966
1001577354
1001577379
1001578560
1001578768
1001580851
1001581206
1001581489
1001581505
1001579865
1001582603
1001582948
1001582036
1001587978
1001588086
1001585404
1001588668
1001590948
1001591144
1001591288
1001591294
1001589089
1001591144
1001591888
1001591930
1001593739
1001595215
1001595414
1001595414
1001595536
1001595597
1001595622
1001595641
1001596386
1001596107
1001596953
1001597290
1001598209
1001300196
1001300243
1001599340
1001301440
1001303254
1001304237
1001303507
1001304015
1001304102
1001304766
1001305781
1001307383
1001307393
1001308852
1001308867
1001309791
1001309817
1001310350
1001310397
1001312668
1001313135
1001313165
1001314008
1001314861
1001314937
1001314980
1001315143
1001315256
1001315512
1001317661
1001318405
1001319726
1001320806
1001322070
1001321497
1001324433
1001324829
1001325299
1001326450
1001328255
1001330118
1001330852
1001330861
1001331130
1001331636
1001331841
1001332288
1001333206
1001334438
1001336203
1001338169
1001338673
1001339040
1001339109
1001343216
1001342975
1001343381
1001343603
1001344475
1001342519
1001342895
1001343725
1001344283
1001344833
1001344849
1001345017
1001342376
1001343382
1001343587
1001347208
1001348783
1001349251
1001349260
1001349271
1001349306
1001349307
1001349332
1001349336
1001349362
1001349367
1001349546
1001349604
1001349612
1001349693
1001351086
1001351278
1001351628
1001351659
1001352175
1001352390
1001355743
1001355761
1001355875
1001357902
1001358089
1001358206
1001358551
1001359577
1001360004
1001360169
1001360368
1001360413
1001360521
1001359234
1001360169
1001360652
1001361135
1001362589
1001362988
1001363628
1001363551
1001363994
1001365798
1001366486
1001366978
1001367647
1001368157
1001368731
1001369895
1001370890
1001370891
1001371014
1001371023
1001371196
1001371229
1001371249
1001371270
1001371321
1001371634
1001371659
1001372374
1001372450
1001373024
1001373049
1001372343
1001372469
1001373814
1001373814
1001374279
1001374322
1001375073
1001375165
1001375722
1001375990
1001376402
1001376880
1001377597
1001378035
1001381617
1001379290
1001380185
1001381404
1001382166
1001383861
1001384462
1001384787
1001384788
1001387482
1001389282
1001389976
1001389282
1001389976
1001390067
1001390317
1001390318
1001390347
1001390416
1001390437
1001390566
1001390761
1001391362
1001391419
1001391705
1001391816
1001392021
1001392151
1001393083
1001393102
1001393233
1001393388
1001393421
1001393438
1001393591
1001393752
1001394090
1001394951
1001395006
1001395162
1001395238
1001395846
1001396248
1001396773
1001397096
1001397241
1001397578
1001398838
1001398840
1001398913
1001398928
1001399067
1001399115
1001399240
1001399242
1001399680
1001399730
1001400648
1001401767
1001401963
1001401966
1001401969
1001402023
1001402190
1001403011
1001403136
1001403566
1001404635
1001407123
1001407385
1001411251
1001413172
1001413548
1001414933
1001415200
1001415516
1001416396
1001417144
1001417460
1001417528
1001418182
1001418533
1001419416
1001419477
1001419538
1001419652
1001420915
1001420999
1001421196
1001421196
1001422088
1001422935
1001423402
1001427089
1001427640
1001428597
1001429504
1001431432
1001432902
1001439650
1001439674
1001439980
1001440358
1001444072
1001444161
1001444278
1001444586
1001445297
1001445498
1001445703
1001446237
1001446644
1001446741
1001446921
1001448087
1001448990
1001452768
1001455824
1001458937
1001458974
1001459021
1001459101
1001459484
1001459718
1001459976
1001459101
1001460657
1001461195
1001462165
1001462363
1001462730
1001463539
1001463748
1001463822
1001464429
1001471349
1001471367
1001471481
1001472157
1001472160
1001472267
1001472738
1001472754
1001474402
1001474427
1001475298
1001475701
1001473874
1001473883
1001474329
1001475150
1001475710
1001475746
1001476047
1001478086
1001479912
1001479999
1001480928
1001481237
1001481879
1001482134
1001482152
1001482196
1001482261
1001482926
1001483109
1001483112
1001483855
1001484631
1001484660
1001484876
1001484974
1001482655
1001484115
1001484911
1001485050
1001484646
1001484647
1001485071
1001485234
1001485311
1001485458
1001485472
1001485514
1001485563
1001485568
1001486230
1001486262
1001486283
1001486284
1001486360
1001486368
1001486401
1001486420
1001486444
1001486893
1001487009
1001487057
1001487234
1001487312
1001487665
1001487797
1001488163
1001488265
1001485514
1001486360
1001486893
1001487639
1001491919
1001491940
1001491949
1001491990
1001491993
1001492001
1001492363
1001492367
1001492401
1001492956
1001492959
1001493110
1001493112
1001493115
1001491604
1001493407
1001493411
1001493417
1001493563
1001493622
1001493639
1001493811
1001493833
1001493995
1001494242
1001494363
1001494558
1001494651
1001494718
1001494729
1001494741
1001494756
1001493417
1001493563
1001495458
1001496629
1001496683
1001496735
1001497596
1001497602
1001497640
1001498111
1001498138
1001498140
1001498155
1001500842
1001500890
1001500898
1001500635
1001501487
1001501511
1001501583
1001501599
1001501610
1001501701
1001501777
1001502064
1001502221
1001502273
1001502294
1001502309
1001502313
1001502492
1001502806
1001502828
1001502903
1001503066
1001503385
1001503514
1001503533
1001503578
1001503718
1001503832
1001504202
1001504554
1001501610
1001502294
1001502492
1001504174
1001504180
1001504190
1001504822
1001504877
1001505024
1001506002
1001506215
1001506388
1001506423
1001506546
1001506813
1001507095
1001507490
1001507501
1001507511
1001507542
1001508386
1001511675
1001512950
1001512970
1001512994
1001513117
1001513756
1001513875
1001513999
1001514753
1001515026
1001516054
1001517354
1001517592
1001517600
1001517629
1001517645
1001514642
1001522008
1001522128
1001522313
1001524085
1001524101
1001524253
1001524419
1001524192
1001525512
1001525797
1001526343
1001527266
1001528144
1001528000
1001537060
1001537184
1001540398
1001540942
1001542914
1001542976
1001543253
1001544363
1001545841
1001546902
1001547485
1001549461
1001549660
1001549689
1001550563
1001551030
1001551193
1001551533
1001551701
1001551805
1001552662
1001553736
1001554476
1001555260
1001555670
1001556430
1001556783
1001556820
1001556872
1001558616
1001558914
1001559245
1001560634
1001561622
1001561915
1001562134
1001559286
1001565182
1001565649
1001566460
1001567027
1001567591
1001568139
1001568994
1001570942
1001569921
1001570083
1001570097
1001571519
1001572445
1001573162
1001573379
1001573291
1001574148
1001575389
1001574463
1001574717
1001575389
1001575816
1001575915
1001575916
1001576715
1001577125
1001577183
1001577705
1001577751
1001578478
1001578965
1001579283
1001580694
1001580275
1001581037
1001581082
1001581130
1001581269
1001581467
1001581685
1001581731
1001581770
1001582990
1001580438
1001580439
1001580441
1001580442
1001581229
1001581232
1001581698
1001581821
1001582298
1001582645
1001582750
1001582990
1001583720
1001583766
1001584090
1001584182
1001584534
1001585547
1001585627
1001585722
1001584058
1001584115
1001584178
1001584182
1001584925
1001586749
1001586923
1001585079
1001587276
1001587431
1001588092
1001587340
1001587706
1001587726
1001587977
1001588324
1001588382
1001587840
1001590875
1001589697
1001589723
1001589733
1001590026
1001590071
1001590594
1001590704
1001590744
1001590838
1001590848
1001590874
1001591202
1001591785
1001592384
1001593189
1001591116
1001591141
1001591202
1001591223
1001593051
1001593056
1001593159
1001593229
1001593762
1001593763
1001594417
1001594872
1001595225
1001597135
1001594939
1001596609
1001596631
1001596661
1001596682
1001595109
1001597105
1001300728
1001599309
1001599827
1001300586
1001300591
1001300595
1001300865
1001597753
1001598795
1001599027
1001599236
1001300726
1001597744
1001301045
1001301492
1001301862
1001302303
1001302342
1001303519
1001303519
1001301073
1001301089
1001301094
1001301095
1001301098
1001301106
1001302012
1001302126
1001302152
1001302303
1001302342
1001303007
1001303007
&gt;&lt;br
1001304491
1001305111
1001304257
1001304334
1001304349
1001304659
1001304769
1001304780
1001305167
1001305239
1001305254
1001305355
1001305373
1001305549
1001305573
1001304659
1001305888
1001306209
1001306453
1001306976
1001306980
1001306982
1001307064
1001306172
1001308152
1001308255
1001308355
1001308382
1001308561
1001308594
1001308661
1001309018
1001309722
1001309726
1001309836
1001310848
1001311247
1001311982
1001309899
1001309945
1001310165
1001310197
1001310315
1001312542
1001312645
1001312769
1001312872
1001310988
1001313092
1001313403
1001314623
1001315025
1001313101
1001313146
1001313650
1001313827
1001313850
1001315527
1001315611
1001316223
1001316350
1001316380
1001317240
1001317257
1001318368
1001318523
1001318601
1001316011
1001316363
1001316380
1001316424
1001317546
1001318362
1001318839
1001318858
1001318863
1001318972
1001318982
1001319027
1001318305
1001319237
1001319956
1001320144
1001321376
1001321776
1001319384
1001319386
1001319388
1001319398
1001319404
1001320121
1001320144
1001320176
1001320180
1001320285
1001321110
1001321396
1001321737
1001321774
1001323949
1001324439
1001324515
1001324538
1001323710
1001323712
1001323730
1001324014
1001324229
1001324540
1001324542
1001324644
1001324636
1001325071
1001325112
1001325115
1001325274
1001325543
1001325862
1001325874
1001326248
1001327266
1001324678
1001324981
1001325041
1001325760
1001325897
1001327431
1001328189
1001328433
1001328613
1001328650
1001328656
1001328765
1001329145
1001329148
1001329150
1001329314
1001329320
1001329341
1001329344
1001329349
1001329482
1001329666
1001330462
1001330463
1001330464
1001327884
1001327924
1001328048
1001328084
1001328816
1001329041
1001330086
1001330463
1001330468
1001330513
1001330564
1001329587
1001330457
1001331067
1001331115
1001331129
1001331194
1001331682
1001331687
1001331948
1001332031
1001332066
1001332142
1001332865
1001332878
1001332929
1001332956
1001333180
1001333708
1001333902
1001330910
1001330927
1001330933
1001331022
1001331025
1001331536
1001331599
1001331612
1001331682
1001331692
1001331729
1001331740
1001331794
1001331807
1001331948
1001332030
1001332604
1001332988
1001333071
1001333095
1001333707
1001333797
1001333799
1001334763
1001334786
1001334971
1001335329
1001335573
1001335673
1001336174
1001336388
1001336780
1001336831
1001336849
1001334168
1001334191
1001334222
1001334352
1001334399
1001336630
1001336831
1001336840
1001337104
1001340948
1001340950
1001340952
1001341098
1001341355
1001341550
1001341866
1001341975
1001342154
1001342164
1001342194
1001342223
1001340483
1001340841
1001340852
1001340877
1001340910
1001341057
1001341092
1001341101
1001341607
1001342080
1001342106
1001342119
1001340483
1001341491
1001342137
1001342185
1001342229
1001342241
1001342460
1001342463
1001342522
1001342527
1001342677
1001342802
1001342927
1001342932
1001343234
1001343273
1001343444
1001343475
1001343485
1001343553
1001343632
1001343637
1001343638
1001343702
1001342347
1001342437
1001342441
1001342455
1001342521
1001342522
1001342526
1001342623
1001342932
1001343025
1001343026
1001343565
1001343632
1001343677
1001343751
1001342526
1001343348
1001344068
1001344258
1001344268
1001344367
1001344372
1001344866
1001345012
1001345016
1001345046
1001344009
1001344016
1001344125
1001344129
1001344623
1001344631
1001344697
1001344735
1001344935
1001345016
1001345178
1001345201
1001345308
1001345883
1001346825
1001346977
1001347006
1001347302
1001347477
1001347997
1001349243
1001349300
1001349789
1001350741
1001351730
1001353507
1001354529
1001354563
1001354740
1001351682
1001351702
1001351748
1001351750
1001351756
1001351759
1001351882
1001353394
1001353507
1001353562
1001354841
1001355239
1001357225
1001355123
1001355960
1001355977
1001357127
1001357264
1001357413
1001358515
1001359062
1001359304
1001359355
1001359741
1001360731
1001360734
1001360825
1001360845
1001360861
1001360586
1001361145
1001361174
1001361252
1001361330
1001361546
1001363164
1001363168
1001363243
1001363639
1001363875
1001361260
1001364683
1001365196
1001366894
1001367035
1001364480
1001364481
1001364503
1001364510
1001364683
1001364721
1001364799
1001365066
1001365401
1001365746
1001365747
1001366590
1001366875
1001366894
1001366935
1001366976
1001367009
1001367190
1001367308
1001367638
1001368230
1001367547
1001367555
1001367576
1001367599
1001367661
1001367691
1001367716
1001367777
1001368848
1001369207
1001369367
1001369814
1001369935
1001370132
1001370146
1001370657
1001371078
1001371414
1001371951
1001372161
1001372235
1001373068
1001370253
1001370474
1001370481
1001370485
1001370529
1001370551
1001371022
1001371070
1001371094
1001371121
1001371951
1001372339
1001372364
1001372539
1001372657
1001372810
1001373110
1001374660
1001374702
1001375328
1001375468
1001375777
1001375854
1001376024
1001373294
1001373342
1001373383
1001373389
1001373391
1001373414
1001373417
1001373421
1001374016
1001374347
1001374660
1001374702
1001374728
1001374895
1001374896
1001375125
1001375328
1001375355
1001375447
1001375519
1001375538
1001375580
1001377474
1001377599
1001376246
1001376310
1001376315
1001376394
1001376408
1001376458
1001376460
1001376470
1001376487
1001376721
1001376873
1001376877
1001377115
1001377344
1001377511
1001377520
1001377674
1001377683
1001377981
1001377984
1001378733
1001378946
1001378955
1001378969
1001378975
1001378984
1001378999
1001379014
1001379022
1001379025
1001379149
1001379150
1001379151
1001379330
1001377344
1001377424
1001377976
1001378058
1001378081
1001378083
1001378170
1001378194
1001378248
1001378333
1001378338
1001378828
1001378831
1001378879
1001378883
1001378898
1001378908
1001378939
1001379151
1001379287
1001379330
1001379540
1001381947
1001379540
1001379558
1001379562
1001379579
1001379615
1001379683
1001379847
1001379863
1001380095
1001380222
1001380237
1001380245
1001380254
1001380258
1001381421
1001381434
1001381470
1001381550
1001381680
1001381938
1001381942
1001381947
1001382885
1001383464
1001383801
1001382458
1001382488
1001382509
1001382514
1001382589
1001382607
1001382608
1001382609
1001382683
1001383181
1001383222
1001383384
1001383416
1001383433
1001384544
1001384669
1001385018
1001385093
1001386263
1001387097
1001388009
1001385012
1001385111
1001385258
1001385477
1001385571
1001385677
1001386967
1001387046
1001387657
1001388106
1001388131
1001388171
1001388602
1001388780
1001389188
1001389293
1001389627
1001389646
1001390216
1001390600
1001388106
1001388463
1001388546
1001388573
1001388583
1001389025
1001389108
1001389109
1001389112
1001389125
1001389188
1001389199
1001389292
1001389293
1001389294
1001389295
1001389546
1001389547
1001389548
1001390234
1001390244
1001390351
1001390425
1001390470
1001390584
1001390592
1001390594
1001390600
1001390647
1001390654
1001390735
1001390755
1001390763
1001390990
1001391077
1001391186
1001391858
1001392166
1001393037
1001393532
1001393623
1001390990
1001390992
1001391072
1001391077
1001391102
1001391115
1001391139
1001391142
1001391187
1001391203
1001391360
1001391580
1001391733
1001391767
1001391858
1001391983
1001392091
1001393051
1001393164
1001393378
1001393506
1001393532
1001393534
1001393535
1001393537
1001393539
1001393623
1001393638
1001394242
1001394354
1001393920
1001393930
1001393955
1001394004
1001394018
1001394044
1001394253
1001394257
1001394259
1001394671
1001394674
1001394691
1001394699
1001394886
1001394893
1001394943
1001396704
1001397183
1001397252
1001397336
1001397558
1001398670
1001399226
1001399688
1001399751
1001396513
1001396874
1001396892
1001397183
1001397201
1001397202
1001397335
1001397336
1001397369
1001397883
1001397884
1001397885
1001397980
1001398034
1001398586
1001398606
1001398623
1001399561
1001399683
1001399689
1001399751
1001400208
1001400746
1001401401
1001402131
1001402256
1001402397
1001402705
1001400195
1001400259
1001400275
1001400276
1001400295
1001400347
1001400591
1001400746
1001400850
1001400950
1001400961
1001400977
1001401011
1001401086
1001401091
1001401248
1001401508
1001401594
1001401647
1001401719
1001402502
1001402586
1001402872
1001402980
1001403055
1001403501
1001403503
1001403609
1001403627
1001403804
1001404428
1001404471
1001404524
1001404575
1001404624
1001404882
1001405094
1001405819
1001406087
1001406150
1001406168
1001406341
1001406349
1001406353
1001406464
1001406481
1001406670
1001403393
1001403404
1001403475
1001403493
1001403538
1001403654
1001403715
1001403722
1001403778
1001403804
1001404084
1001404161
1001404221
1001404252
1001404253
1001404405
1001404428
1001404429
1001404443
1001404471
1001404473
1001404520
1001404580
1001404882
1001404976
1001405307
1001405623
1001405967
1001406343
1001406391
1001406394
1001406713
1001406730
1001406859
1001407015
1001407099
1001407128
1001407301
1001407305
1001408177
1001408485
1001408691
1001408811
1001409061
1001409130
1001409446
1001409497
1001409750
1001410031
1001410060
1001410268
1001410277
1001406784
1001406785
1001406859
1001406975
1001406977
1001406980
1001406993
1001407128
1001407153
1001407187
1001407253
1001407351
1001407575
1001407635
1001407663
1001407826
1001407841
1001407878
1001407953
1001407971
1001408077
1001408114
1001409772
1001409891
1001410031
1001410060
1001410346
1001410350
1001410354
1001410462
1001410534
1001411768
1001411810
1001412424
1001410793
1001410869
1001410901
1001410995
1001411014
1001411015
1001411768
1001412424
1001412655
1001413744
1001413859
1001414389
1001414675
1001415119
1001414133
1001414140
1001414151
1001414192
1001414233
1001414245
1001414379
1001414380
1001414389
1001414851
1001414919
1001414965
1001415377
1001415427
1001415454
1001415479
1001415667
1001415727
1001415737
1001415848
1001415938
1001416012
1001416571
1001416683
1001416684
1001416685
1001416691
1001417035
1001417749
1001420343
1001420617
1001417035
1001417066
1001417148
1001418497
1001418657
1001420149
1001420346
1001420987
1001421116
1001421241
1001421247
1001421971
1001422098
1001422099
1001422102
1001422141
1001422173
1001426226
1001428101
1001428798
1001425891
1001426074
1001426084
1001426096
1001426123
1001426124
1001426223
1001426226
1001427579
1001427794
1001428031
1001428033
1001428050
1001428051
1001428794
1001428796
1001428799
1001427596
1001429436
1001430517
1001429354
1001429355
1001429441
1001429531
1001429548
1001429813
1001429871
1001429910
1001431043
1001431238
1001431240
1001431304
1001432091
1001432159
1001432756
1001432538
1001432542
1001432546
1001432762
1001432779
1001432796
1001432801
1001432964
1001432980
1001433170
1001433197
1001433699
1001434934
1001434935
1001434950
1001435321
1001435380
1001435533
1001435648
1001436021
1001436047
1001436097
1001436099
1001436100
1001436115
1001436168
1001436245
1001436273
1001436365
1001436384
1001436612
1001436754
1001436956
1001436754
1001437858
1001437151
1001437153
1001437157
1001437160
1001437161
1001437194
1001437212
1001437249
1001437309
1001437375
1001437468
1001437740
1001437755
1001437765
1001437793
1001437828
1001437884
1001437890
1001437151
1001423235
1001545515
1001545548
1001316696
1001316698
1001316699
1001316848
1001316854
1001316884
1001316887
1001316905
1001316955
1001316958
1001316968
1001317045
1001317089
1001317192
1001317235
1001317362
1001317370
1001317504
1001317647
1001317831
1001317843
1001317843
1001317381
1001318271
1001319967
1001320022
1001320023
1001318199
1001318306
1001318308
1001318313
1001318320
1001318604
1001318629
1001318924
1001319149
1001319469
1001319506
1001319561
1001319613
1001319760
1001320105
1001390373
1001392016
1001389115
1001453791
1001455789
1001453823
1001533184
1001533194
1001534683
1001534726
1001535866
1001345546
1001407794
1001407837
1001408622
1001408822
